# XDBGEN converter version 211
#bottomsilk
$0 r7.874016
$1 r8
$2 r6
$3 r9.84252
$4 r23.622047
@0 .geometry
@1 .drill
@2 .pad_usage
&0  
L -1.651835 0.225166 -1.663646 0.225166 0 P 0
L -1.651835 0.280284 -1.663646 0.280284 0 P 0
L -1.552228 0.306253 -1.552228 0.336253 1 P 0
L -1.552228 0.336253 -1.577228 0.336253 1 P 0
L -1.577228 0.336253 -1.582228 0.331253 1 P 0
L -1.582228 0.331253 -1.582228 0.326253 1 P 0
L -1.582228 0.326253 -1.577228 0.321253 1 P 0
L -1.577228 0.321253 -1.552228 0.321253 1 P 0
L -1.577228 0.321253 -1.582228 0.316253 1 P 0
L -1.582228 0.316253 -1.582228 0.306253 1 P 0
L -1.602228 0.321253 -1.597228 0.326253 1 P 0
L -1.597228 0.326253 -1.597228 0.331253 1 P 0
L -1.597228 0.331253 -1.602228 0.336253 1 P 0
L -1.602228 0.336253 -1.617228 0.336253 1 P 0
L -1.617228 0.336253 -1.622228 0.331253 1 P 0
L -1.622228 0.331253 -1.622228 0.326253 1 P 0
L -1.622228 0.326253 -1.617228 0.321253 1 P 0
L -1.617228 0.321253 -1.602228 0.321253 1 P 0
L -1.602228 0.321253 -1.597228 0.316253 1 P 0
L -1.597228 0.316253 -1.597228 0.311253 1 P 0
L -1.597228 0.311253 -1.602228 0.306253 1 P 0
L -1.602228 0.306253 -1.617228 0.306253 1 P 0
L -1.617228 0.306253 -1.622228 0.311253 1 P 0
L -1.622228 0.311253 -1.622228 0.316253 1 P 0
L -1.622228 0.316253 -1.617228 0.321253 1 P 0
L -1.642228 0.326253 -1.652228 0.336253 1 P 0
L -1.652228 0.336253 -1.652228 0.306253 1 P 0
L -0.086874 0.82556 -0.086874 0.837371 0 P 0
L -0.031756 0.82556 -0.031756 0.837371 0 P 0
L 0.013299 0.875056 -0.016701 0.875056 1 P 0
L -0.016701 0.875056 -0.016701 0.850056 1 P 0
L -0.016701 0.850056 -0.011701 0.845056 1 P 0
L -0.011701 0.845056 -0.006701 0.845056 1 P 0
L -0.006701 0.845056 -0.001701 0.850056 1 P 0
L -0.001701 0.850056 -0.001701 0.875056 1 P 0
L -0.001701 0.850056 0.003299 0.845056 1 P 0
L 0.003299 0.845056 0.013299 0.845056 1 P 0
L -0.006701 0.825056 -0.016701 0.815056 1 P 0
L -0.016701 0.815056 0.013299 0.815056 1 P 0
L -0.006701 0.765056 -0.001701 0.770056 1 P 0
L -0.001701 0.770056 -0.001701 0.785056 1 P 0
L -0.001701 0.785056 -0.006701 0.790056 1 P 0
L -0.006701 0.790056 -0.011701 0.790056 1 P 0
L -0.011701 0.790056 -0.016701 0.785056 1 P 0
L -0.016701 0.785056 -0.016701 0.770056 1 P 0
L -0.016701 0.770056 -0.011701 0.765056 1 P 0
L -0.011701 0.765056 0.008299 0.765056 1 P 0
L 0.008299 0.765056 0.013299 0.770056 1 P 0
L 0.013299 0.770056 0.013299 0.785056 1 P 0
L 0.387535 -0.396881 0.375724 -0.396881 0 P 0
L 0.387535 -0.341763 0.375724 -0.341763 0 P 0
L 0.406701 -0.308897 0.406701 -0.278897 1 P 0
L 0.406701 -0.278897 0.381701 -0.278897 1 P 0
L 0.381701 -0.278897 0.376701 -0.283897 1 P 0
L 0.376701 -0.283897 0.376701 -0.288897 1 P 0
L 0.376701 -0.288897 0.381701 -0.293897 1 P 0
L 0.381701 -0.293897 0.406701 -0.293897 1 P 0
L 0.381701 -0.293897 0.376701 -0.298897 1 P 0
L 0.376701 -0.298897 0.376701 -0.308897 1 P 0
L 0.336701 -0.298897 0.366701 -0.298897 1 P 0
L 0.366701 -0.298897 0.346701 -0.278897 1 P 0
L 0.346701 -0.278897 0.346701 -0.308897 1 P 0
L 0.326701 -0.303897 0.326701 -0.283897 1 P 0
L 0.326701 -0.283897 0.321701 -0.278897 1 P 0
L 0.321701 -0.278897 0.301701 -0.278897 1 P 0
L 0.301701 -0.278897 0.296701 -0.283897 1 P 0
L 0.296701 -0.283897 0.296701 -0.303897 1 P 0
L 0.296701 -0.303897 0.301701 -0.308897 1 P 0
L 0.301701 -0.308897 0.321701 -0.308897 1 P 0
L 0.321701 -0.308897 0.326701 -0.303897 1 P 0
L 0.326701 -0.308897 0.296701 -0.278897 1 P 0
L -0.454984 0.394457 -0.443173 0.394457 0 P 0
L -0.454984 0.339339 -0.443173 0.339339 0 P 0
L -0.514886 0.408556 -0.514886 0.438556 1 P 0
L -0.514886 0.438556 -0.539886 0.438556 1 P 0
L -0.539886 0.438556 -0.544886 0.433556 1 P 0
L -0.544886 0.433556 -0.544886 0.428556 1 P 0
L -0.544886 0.428556 -0.539886 0.423556 1 P 0
L -0.539886 0.423556 -0.514886 0.423556 1 P 0
L -0.539886 0.423556 -0.544886 0.418556 1 P 0
L -0.544886 0.418556 -0.544886 0.408556 1 P 0
L -0.559886 0.433556 -0.564886 0.438556 1 P 0
L -0.564886 0.438556 -0.579886 0.438556 1 P 0
L -0.579886 0.438556 -0.584886 0.433556 1 P 0
L -0.584886 0.433556 -0.584886 0.428556 1 P 0
L -0.584886 0.428556 -0.579886 0.423556 1 P 0
L -0.579886 0.423556 -0.564886 0.423556 1 P 0
L -0.564886 0.423556 -0.559886 0.418556 1 P 0
L -0.559886 0.418556 -0.559886 0.408556 1 P 0
L -0.559886 0.408556 -0.584886 0.408556 1 P 0
L -0.604886 0.428556 -0.614886 0.438556 1 P 0
L -0.614886 0.438556 -0.614886 0.408556 1 P 0
L -0.464827 0.053906 -0.464827 0.065717 0 P 0
L -0.409709 0.053906 -0.409709 0.065717 0 P 0
L -0.416898 0.249457 -0.446898 0.249457 1 P 0
L -0.446898 0.249457 -0.446898 0.224457 1 P 0
L -0.446898 0.224457 -0.441898 0.219457 1 P 0
L -0.441898 0.219457 -0.436898 0.219457 1 P 0
L -0.436898 0.219457 -0.431898 0.224457 1 P 0
L -0.431898 0.224457 -0.431898 0.249457 1 P 0
L -0.431898 0.224457 -0.426898 0.219457 1 P 0
L -0.426898 0.219457 -0.416898 0.219457 1 P 0
L -0.436898 0.199457 -0.446898 0.189457 1 P 0
L -0.446898 0.189457 -0.416898 0.189457 1 P 0
L -0.431898 0.159457 -0.436898 0.164457 1 P 0
L -0.436898 0.164457 -0.441898 0.164457 1 P 0
L -0.441898 0.164457 -0.446898 0.159457 1 P 0
L -0.446898 0.159457 -0.446898 0.144457 1 P 0
L -0.446898 0.144457 -0.441898 0.139457 1 P 0
L -0.441898 0.139457 -0.436898 0.139457 1 P 0
L -0.436898 0.139457 -0.431898 0.144457 1 P 0
L -0.431898 0.144457 -0.431898 0.159457 1 P 0
L -0.431898 0.159457 -0.426898 0.164457 1 P 0
L -0.426898 0.164457 -0.421898 0.164457 1 P 0
L -0.421898 0.164457 -0.416898 0.159457 1 P 0
L -0.416898 0.159457 -0.416898 0.144457 1 P 0
L -0.416898 0.144457 -0.421898 0.139457 1 P 0
L -0.421898 0.139457 -0.426898 0.139457 1 P 0
L -0.426898 0.139457 -0.431898 0.144457 1 P 0
L -0.140024 1.020442 -0.151835 1.020442 0 P 0
L -0.140024 1.07556 -0.151835 1.07556 0 P 0
L 0.07389 1.045308 0.07389 1.075308 1 P 0
L 0.07389 1.075308 0.04889 1.075308 1 P 0
L 0.04889 1.075308 0.04389 1.070308 1 P 0
L 0.04389 1.070308 0.04389 1.065308 1 P 0
L 0.04389 1.065308 0.04889 1.060308 1 P 0
L 0.04889 1.060308 0.07389 1.060308 1 P 0
L 0.04889 1.060308 0.04389 1.055308 1 P 0
L 0.04389 1.055308 0.04389 1.045308 1 P 0
L 0.02889 1.070308 0.02389 1.075308 1 P 0
L 0.02389 1.075308 0.00889 1.075308 1 P 0
L 0.00889 1.075308 0.00389 1.070308 1 P 0
L 0.00389 1.070308 0.00389 1.065308 1 P 0
L 0.00389 1.065308 0.00889 1.060308 1 P 0
L 0.00889 1.060308 0.02389 1.060308 1 P 0
L 0.02389 1.060308 0.02889 1.055308 1 P 0
L 0.02889 1.055308 0.02889 1.045308 1 P 0
L 0.02889 1.045308 0.00389 1.045308 1 P 0
L -0.00611 1.050308 -0.00611 1.070308 1 P 0
L -0.00611 1.070308 -0.01111 1.075308 1 P 0
L -0.01111 1.075308 -0.03111 1.075308 1 P 0
L -0.03111 1.075308 -0.03611 1.070308 1 P 0
L -0.03611 1.070308 -0.03611 1.050308 1 P 0
L -0.03611 1.050308 -0.03111 1.045308 1 P 0
L -0.03111 1.045308 -0.01111 1.045308 1 P 0
L -0.01111 1.045308 -0.00611 1.050308 1 P 0
L -0.00611 1.045308 -0.03611 1.075308 1 P 0
L -0.951047 0.236977 -0.962858 0.236977 0 P 0
L -0.951047 0.292095 -0.962858 0.292095 0 P 0
L -0.895331 0.297213 -0.895331 0.327213 1 P 0
L -0.895331 0.327213 -0.920331 0.327213 1 P 0
L -0.920331 0.327213 -0.925331 0.322213 1 P 0
L -0.925331 0.322213 -0.925331 0.317213 1 P 0
L -0.925331 0.317213 -0.920331 0.312213 1 P 0
L -0.920331 0.312213 -0.895331 0.312213 1 P 0
L -0.920331 0.312213 -0.925331 0.307213 1 P 0
L -0.925331 0.307213 -0.925331 0.297213 1 P 0
L -0.965331 0.317213 -0.960331 0.312213 1 P 0
L -0.960331 0.312213 -0.945331 0.312213 1 P 0
L -0.945331 0.312213 -0.940331 0.317213 1 P 0
L -0.940331 0.317213 -0.940331 0.322213 1 P 0
L -0.940331 0.322213 -0.945331 0.327213 1 P 0
L -0.945331 0.327213 -0.960331 0.327213 1 P 0
L -0.960331 0.327213 -0.965331 0.322213 1 P 0
L -0.965331 0.322213 -0.965331 0.302213 1 P 0
L -0.965331 0.302213 -0.960331 0.297213 1 P 0
L -0.960331 0.297213 -0.945331 0.297213 1 P 0
L -0.980331 0.327213 -1.005331 0.327213 1 P 0
L -1.005331 0.327213 -1.005331 0.322213 1 P 0
L -1.005331 0.322213 -0.980331 0.297213 1 P 0
L -0.573094 -0.64885 -0.584906 -0.64885 0 P 0
L -0.573094 -0.593731 -0.584906 -0.593731 0 P 0
L -0.538496 -0.756905 -0.538496 -0.726905 1 P 0
L -0.538496 -0.726905 -0.563496 -0.726905 1 P 0
L -0.563496 -0.726905 -0.568496 -0.731905 1 P 0
L -0.568496 -0.731905 -0.568496 -0.736905 1 P 0
L -0.568496 -0.736905 -0.563496 -0.741905 1 P 0
L -0.563496 -0.741905 -0.538496 -0.741905 1 P 0
L -0.563496 -0.741905 -0.568496 -0.746905 1 P 0
L -0.568496 -0.746905 -0.568496 -0.756905 1 P 0
L -0.583496 -0.731905 -0.588496 -0.726905 1 P 0
L -0.588496 -0.726905 -0.603496 -0.726905 1 P 0
L -0.603496 -0.726905 -0.608496 -0.731905 1 P 0
L -0.608496 -0.731905 -0.608496 -0.736905 1 P 0
L -0.608496 -0.736905 -0.603496 -0.741905 1 P 0
L -0.603496 -0.741905 -0.608496 -0.746905 1 P 0
L -0.608496 -0.746905 -0.608496 -0.751905 1 P 0
L -0.608496 -0.751905 -0.603496 -0.756905 1 P 0
L -0.603496 -0.756905 -0.588496 -0.756905 1 P 0
L -0.588496 -0.756905 -0.583496 -0.751905 1 P 0
L -0.593496 -0.741905 -0.603496 -0.741905 1 P 0
L -0.623496 -0.726905 -0.648496 -0.726905 1 P 0
L -0.648496 -0.726905 -0.648496 -0.731905 1 P 0
L -0.648496 -0.731905 -0.623496 -0.756905 1 P 0
L 1.28911 -0.538613 1.300921 -0.538613 0 P 0
L 1.28911 -0.593731 1.300921 -0.593731 0 P 0
L 1.342465 -0.508283 1.342465 -0.478283 1 P 0
L 1.342465 -0.478283 1.317465 -0.478283 1 P 0
L 1.317465 -0.478283 1.312465 -0.483283 1 P 0
L 1.312465 -0.483283 1.312465 -0.488283 1 P 0
L 1.312465 -0.488283 1.317465 -0.493283 1 P 0
L 1.317465 -0.493283 1.342465 -0.493283 1 P 0
L 1.317465 -0.493283 1.312465 -0.498283 1 P 0
L 1.312465 -0.498283 1.312465 -0.508283 1 P 0
L 1.297465 -0.483283 1.292465 -0.478283 1 P 0
L 1.292465 -0.478283 1.277465 -0.478283 1 P 0
L 1.277465 -0.478283 1.272465 -0.483283 1 P 0
L 1.272465 -0.483283 1.272465 -0.488283 1 P 0
L 1.272465 -0.488283 1.277465 -0.493283 1 P 0
L 1.277465 -0.493283 1.292465 -0.493283 1 P 0
L 1.292465 -0.493283 1.297465 -0.498283 1 P 0
L 1.297465 -0.498283 1.297465 -0.508283 1 P 0
L 1.297465 -0.508283 1.272465 -0.508283 1 P 0
L 0.361945 0.581465 0.361945 0.593276 0 P 0
L 0.417063 0.581465 0.417063 0.593276 0 P 0
L 0.468606 0.717032 0.438606 0.717032 1 P 0
L 0.438606 0.717032 0.438606 0.692032 1 P 0
L 0.438606 0.692032 0.443606 0.687032 1 P 0
L 0.443606 0.687032 0.448606 0.687032 1 P 0
L 0.448606 0.687032 0.453606 0.692032 1 P 0
L 0.453606 0.692032 0.453606 0.717032 1 P 0
L 0.453606 0.692032 0.458606 0.687032 1 P 0
L 0.458606 0.687032 0.468606 0.687032 1 P 0
L 0.443606 0.672032 0.438606 0.667032 1 P 0
L 0.438606 0.667032 0.438606 0.652032 1 P 0
L 0.438606 0.652032 0.443606 0.647032 1 P 0
L 0.443606 0.647032 0.448606 0.647032 1 P 0
L 0.448606 0.647032 0.453606 0.652032 1 P 0
L 0.453606 0.652032 0.458606 0.647032 1 P 0
L 0.458606 0.647032 0.463606 0.647032 1 P 0
L 0.463606 0.647032 0.468606 0.652032 1 P 0
L 0.468606 0.652032 0.468606 0.667032 1 P 0
L 0.468606 0.667032 0.463606 0.672032 1 P 0
L 0.453606 0.662032 0.453606 0.652032 1 P 0
L 0.448606 0.627032 0.438606 0.617032 1 P 0
L 0.438606 0.617032 0.468606 0.617032 1 P 0
L -0.962858 -0.207905 -0.951047 -0.207905 0 P 0
L -0.962858 -0.263023 -0.951047 -0.263023 0 P 0
L -0.692336 -0.282708 -0.692336 -0.252708 1 P 0
L -0.692336 -0.252708 -0.717336 -0.252708 1 P 0
L -0.717336 -0.252708 -0.722336 -0.257708 1 P 0
L -0.722336 -0.257708 -0.722336 -0.262708 1 P 0
L -0.722336 -0.262708 -0.717336 -0.267708 1 P 0
L -0.717336 -0.267708 -0.692336 -0.267708 1 P 0
L -0.717336 -0.267708 -0.722336 -0.272708 1 P 0
L -0.722336 -0.272708 -0.722336 -0.282708 1 P 0
L -0.742336 -0.262708 -0.752336 -0.252708 1 P 0
L -0.752336 -0.252708 -0.752336 -0.282708 1 P 0
L -0.782336 -0.262708 -0.792336 -0.252708 1 P 0
L -0.792336 -0.252708 -0.792336 -0.282708 1 P 0
L -0.822336 -0.262708 -0.832336 -0.252708 1 P 0
L -0.832336 -0.252708 -0.832336 -0.282708 1 P 0
L -0.272614 1.099032 -0.272614 0.941552 1 P 0
L -0.193874 1.020292 -0.351354 1.020292 1 P 0
L -0.612921 1.057196 -0.612921 1.027196 1 P 0
L -0.612921 1.027196 -0.642921 1.027196 1 P 0
L -0.652921 1.032196 -0.657921 1.027196 1 P 0
L -0.657921 1.027196 -0.677921 1.027196 1 P 0
L -0.677921 1.027196 -0.682921 1.032196 1 P 0
L -0.682921 1.032196 -0.682921 1.037196 1 P 0
L -0.682921 1.037196 -0.677921 1.042196 1 P 0
L -0.677921 1.042196 -0.657921 1.042196 1 P 0
L -0.657921 1.042196 -0.652921 1.047196 1 P 0
L -0.652921 1.047196 -0.652921 1.052196 1 P 0
L -0.652921 1.052196 -0.657921 1.057196 1 P 0
L -0.657921 1.057196 -0.677921 1.057196 1 P 0
L -0.677921 1.057196 -0.682921 1.052196 1 P 0
L -0.702921 1.047196 -0.712921 1.057196 1 P 0
L -0.712921 1.057196 -0.712921 1.027196 1 P 0
L 0.001685 1.035702 0.001685 1.000702 1 P 0
L -0.042315 0.993702 -0.042315 0.965702 1 P 0
L 0.001685 1.035702 -0.034315 1.035702 1 P 0
L -0.035315 0.921702 0.001685 0.921702 1 P 0
L 0.001685 0.921702 0.001685 0.955702 1 P 0
L -0.078469 0.981481 -0.088469 0.991481 1 P 0
L -0.088469 0.991481 -0.098469 0.991481 1 P 0
L -0.098469 0.991481 -0.108469 0.981481 1 P 0
L -0.108469 0.981481 -0.108469 0.971481 1 P 0
L -0.108469 0.971481 -0.098469 0.961481 1 P 0
L -0.098469 0.961481 -0.088469 0.961481 1 P 0
L -0.088469 0.961481 -0.078469 0.971481 1 P 0
L -0.078469 0.971481 -0.078469 0.981481 1 P 0
L -0.098469 0.971481 -0.108469 0.961481 1 P 0
L -0.123469 0.986481 -0.128469 0.991481 1 P 0
L -0.128469 0.991481 -0.143469 0.991481 1 P 0
L -0.143469 0.991481 -0.148469 0.986481 1 P 0
L -0.148469 0.986481 -0.148469 0.981481 1 P 0
L -0.148469 0.981481 -0.143469 0.976481 1 P 0
L -0.143469 0.976481 -0.128469 0.976481 1 P 0
L -0.128469 0.976481 -0.123469 0.971481 1 P 0
L -0.123469 0.971481 -0.123469 0.961481 1 P 0
L -0.123469 0.961481 -0.148469 0.961481 1 P 0
L -0.370339 0.238946 -0.370339 0.227135 0 P 0
L -0.425457 0.238946 -0.425457 0.227135 0 P 0
L -0.336843 0.389402 -0.366843 0.389402 1 P 0
L -0.366843 0.389402 -0.366843 0.364402 1 P 0
L -0.366843 0.364402 -0.361843 0.359402 1 P 0
L -0.361843 0.359402 -0.356843 0.359402 1 P 0
L -0.356843 0.359402 -0.351843 0.364402 1 P 0
L -0.351843 0.364402 -0.351843 0.389402 1 P 0
L -0.351843 0.364402 -0.346843 0.359402 1 P 0
L -0.346843 0.359402 -0.336843 0.359402 1 P 0
L -0.361843 0.344402 -0.366843 0.339402 1 P 0
L -0.366843 0.339402 -0.366843 0.324402 1 P 0
L -0.366843 0.324402 -0.361843 0.319402 1 P 0
L -0.361843 0.319402 -0.356843 0.319402 1 P 0
L -0.356843 0.319402 -0.351843 0.324402 1 P 0
L -0.351843 0.324402 -0.351843 0.339402 1 P 0
L -0.351843 0.339402 -0.346843 0.344402 1 P 0
L -0.346843 0.344402 -0.336843 0.344402 1 P 0
L -0.336843 0.344402 -0.336843 0.319402 1 P 0
L -0.366843 0.279402 -0.366843 0.304402 1 P 0
L -0.366843 0.304402 -0.356843 0.304402 1 P 0
L -0.356843 0.304402 -0.356843 0.284402 1 P 0
L -0.356843 0.284402 -0.351843 0.279402 1 P 0
L -0.351843 0.279402 -0.341843 0.279402 1 P 0
L -0.341843 0.279402 -0.336843 0.284402 1 P 0
L -0.336843 0.284402 -0.336843 0.299402 1 P 0
L -0.336843 0.299402 -0.341843 0.304402 1 P 0
L 1.318016 -0.825897 1.318016 -0.798897 1 P 0
L 1.270016 -0.825897 1.270016 -0.797897 1 P 0
L 1.381307 -0.772558 1.386307 -0.767558 1 P 0
L 1.386307 -0.767558 1.386307 -0.752558 1 P 0
L 1.386307 -0.752558 1.376307 -0.742558 1 P 0
L 1.376307 -0.742558 1.366307 -0.742558 1 P 0
L 1.366307 -0.742558 1.356307 -0.752558 1 P 0
L 1.356307 -0.752558 1.356307 -0.767558 1 P 0
L 1.356307 -0.767558 1.361307 -0.772558 1 P 0
L 1.366307 -0.792558 1.356307 -0.802558 1 P 0
L 1.356307 -0.802558 1.386307 -0.802558 1 P 0
L 1.361307 -0.827558 1.356307 -0.832558 1 P 0
L 1.356307 -0.832558 1.356307 -0.847558 1 P 0
L 1.356307 -0.847558 1.361307 -0.852558 1 P 0
L 1.361307 -0.852558 1.366307 -0.852558 1 P 0
L 1.366307 -0.852558 1.371307 -0.847558 1 P 0
L 1.371307 -0.847558 1.376307 -0.852558 1 P 0
L 1.376307 -0.852558 1.381307 -0.852558 1 P 0
L 1.381307 -0.852558 1.386307 -0.847558 1 P 0
L 1.386307 -0.847558 1.386307 -0.832558 1 P 0
L 1.386307 -0.832558 1.381307 -0.827558 1 P 0
L 1.371307 -0.837558 1.371307 -0.847558 1 P 0
L -0.035575 0.517127 -0.008575 0.517127 1 P 0
L -0.035575 0.565127 -0.007575 0.565127 1 P 0
L 0.007488 0.59682 0.012488 0.59182 1 P 0
L 0.012488 0.59182 0.027488 0.59182 1 P 0
L 0.027488 0.59182 0.037488 0.60182 1 P 0
L 0.037488 0.60182 0.037488 0.61182 1 P 0
L 0.037488 0.61182 0.027488 0.62182 1 P 0
L 0.027488 0.62182 0.012488 0.62182 1 P 0
L 0.012488 0.62182 0.007488 0.61682 1 P 0
L -0.007512 0.61682 -0.012512 0.62182 1 P 0
L -0.012512 0.62182 -0.027512 0.62182 1 P 0
L -0.027512 0.62182 -0.032512 0.61682 1 P 0
L -0.032512 0.61682 -0.032512 0.61182 1 P 0
L -0.032512 0.61182 -0.027512 0.60682 1 P 0
L -0.027512 0.60682 -0.032512 0.60182 1 P 0
L -0.032512 0.60182 -0.032512 0.59682 1 P 0
L -0.032512 0.59682 -0.027512 0.59182 1 P 0
L -0.027512 0.59182 -0.012512 0.59182 1 P 0
L -0.012512 0.59182 -0.007512 0.59682 1 P 0
L -0.017512 0.60682 -0.027512 0.60682 1 P 0
L -0.072512 0.60182 -0.042512 0.60182 1 P 0
L -0.042512 0.60182 -0.062512 0.62182 1 P 0
L -0.062512 0.62182 -0.062512 0.59182 1 P 0
L -1.733984 0.6773 -1.760984 0.6773 1 P 0
L -1.733984 0.6293 -1.761984 0.6293 1 P 0
L -1.86078 0.645875 -1.85578 0.640875 1 P 0
L -1.85578 0.640875 -1.84078 0.640875 1 P 0
L -1.84078 0.640875 -1.83078 0.650875 1 P 0
L -1.83078 0.650875 -1.83078 0.660875 1 P 0
L -1.83078 0.660875 -1.84078 0.670875 1 P 0
L -1.84078 0.670875 -1.85578 0.670875 1 P 0
L -1.85578 0.670875 -1.86078 0.665875 1 P 0
L -1.87578 0.665875 -1.88078 0.670875 1 P 0
L -1.88078 0.670875 -1.89578 0.670875 1 P 0
L -1.89578 0.670875 -1.90078 0.665875 1 P 0
L -1.90078 0.665875 -1.90078 0.660875 1 P 0
L -1.90078 0.660875 -1.89578 0.655875 1 P 0
L -1.89578 0.655875 -1.88078 0.655875 1 P 0
L -1.88078 0.655875 -1.87578 0.650875 1 P 0
L -1.87578 0.650875 -1.87578 0.640875 1 P 0
L -1.87578 0.640875 -1.90078 0.640875 1 P 0
L 1.82589 -0.608039 1.82589 -0.581039 1 P 0
L 1.77789 -0.608039 1.77789 -0.580039 1 P 0
L 1.725764 -0.569354 1.730764 -0.564354 1 P 0
L 1.730764 -0.564354 1.730764 -0.549354 1 P 0
L 1.730764 -0.549354 1.720764 -0.539354 1 P 0
L 1.720764 -0.539354 1.710764 -0.539354 1 P 0
L 1.710764 -0.539354 1.700764 -0.549354 1 P 0
L 1.700764 -0.549354 1.700764 -0.564354 1 P 0
L 1.700764 -0.564354 1.705764 -0.569354 1 P 0
L 1.705764 -0.584354 1.700764 -0.589354 1 P 0
L 1.700764 -0.589354 1.700764 -0.604354 1 P 0
L 1.700764 -0.604354 1.705764 -0.609354 1 P 0
L 1.705764 -0.609354 1.710764 -0.609354 1 P 0
L 1.710764 -0.609354 1.715764 -0.604354 1 P 0
L 1.715764 -0.604354 1.720764 -0.609354 1 P 0
L 1.720764 -0.609354 1.725764 -0.609354 1 P 0
L 1.725764 -0.609354 1.730764 -0.604354 1 P 0
L 1.730764 -0.604354 1.730764 -0.589354 1 P 0
L 1.730764 -0.589354 1.725764 -0.584354 1 P 0
L 1.715764 -0.594354 1.715764 -0.604354 1 P 0
L 0.030646 0.952167 0.055646 0.952167 1 P 0
L 0.055646 0.952167 0.060646 0.947167 1 P 0
L 0.060646 0.947167 0.060646 0.927167 1 P 0
L 0.060646 0.927167 0.055646 0.922167 1 P 0
L 0.055646 0.922167 0.030646 0.922167 1 P 0
L 0.035646 0.907167 0.030646 0.902167 1 P 0
L 0.030646 0.902167 0.030646 0.887167 1 P 0
L 0.030646 0.887167 0.035646 0.882167 1 P 0
L 0.035646 0.882167 0.040646 0.882167 1 P 0
L 0.040646 0.882167 0.045646 0.887167 1 P 0
L 0.045646 0.887167 0.050646 0.882167 1 P 0
L 0.050646 0.882167 0.055646 0.882167 1 P 0
L 0.055646 0.882167 0.060646 0.887167 1 P 0
L 0.060646 0.887167 0.060646 0.902167 1 P 0
L 0.060646 0.902167 0.055646 0.907167 1 P 0
L 0.045646 0.897167 0.045646 0.887167 1 P 0
L 0.055646 0.872167 0.035646 0.872167 1 P 0
L 0.035646 0.872167 0.030646 0.867167 1 P 0
L 0.030646 0.867167 0.030646 0.847167 1 P 0
L 0.030646 0.847167 0.035646 0.842167 1 P 0
L 0.035646 0.842167 0.055646 0.842167 1 P 0
L 0.055646 0.842167 0.060646 0.847167 1 P 0
L 0.060646 0.847167 0.060646 0.867167 1 P 0
L 0.060646 0.867167 0.055646 0.872167 1 P 0
L 0.060646 0.872167 0.030646 0.842167 1 P 0
L -0.384055 -0.229468 -0.384055 -0.249468 1 P 0
L -0.384055 -0.239468 -0.354055 -0.239468 1 P 0
L -0.354055 -0.229468 -0.354055 -0.249468 1 P 0
L -0.359055 -0.294468 -0.354055 -0.289468 1 P 0
L -0.354055 -0.289468 -0.354055 -0.274468 1 P 0
L -0.354055 -0.274468 -0.364055 -0.264468 1 P 0
L -0.364055 -0.264468 -0.374055 -0.264468 1 P 0
L -0.374055 -0.264468 -0.384055 -0.274468 1 P 0
L -0.384055 -0.274468 -0.384055 -0.289468 1 P 0
L -0.384055 -0.289468 -0.379055 -0.294468 1 P 0
L -0.359055 -0.304468 -0.354055 -0.309468 1 P 0
L -0.354055 -0.309468 -0.354055 -0.329468 1 P 0
L -0.354055 -0.329468 -0.359055 -0.334468 1 P 0
L -0.359055 -0.334468 -0.364055 -0.334468 1 P 0
L -0.364055 -0.334468 -0.369055 -0.329468 1 P 0
L -0.369055 -0.329468 -0.369055 -0.309468 1 P 0
L -0.369055 -0.309468 -0.374055 -0.304468 1 P 0
L -0.374055 -0.304468 -0.379055 -0.304468 1 P 0
L -0.379055 -0.304468 -0.384055 -0.309468 1 P 0
L -0.384055 -0.309468 -0.384055 -0.329468 1 P 0
L -0.384055 -0.329468 -0.379055 -0.334468 1 P 0
L -0.354055 -0.344468 -0.384055 -0.344468 1 P 0
L -0.384055 -0.344468 -0.384055 -0.369468 1 P 0
L -0.384055 -0.369468 -0.379055 -0.374468 1 P 0
L -0.379055 -0.374468 -0.374055 -0.374468 1 P 0
L -0.374055 -0.374468 -0.369055 -0.369468 1 P 0
L -0.369055 -0.369468 -0.369055 -0.344468 1 P 0
L 1.243835 0.266505 1.125724 0.266505 0 P 0
L 1.243835 0.475166 1.125724 0.475166 0 P 0
L 1.282961 0.511229 1.282961 0.541229 1 P 0
L 1.282961 0.541229 1.252961 0.541229 1 P 0
L 1.282961 0.526229 1.262961 0.526229 1 P 0
L 1.232961 0.531229 1.222961 0.541229 1 P 0
L 1.222961 0.541229 1.222961 0.511229 1 P 0
L 0.283205 0.581465 0.283205 0.593276 0 P 0
L 0.338323 0.581465 0.338323 0.593276 0 P 0
L 0.331811 0.935898 0.301811 0.935898 1 P 0
L 0.301811 0.935898 0.301811 0.910898 1 P 0
L 0.301811 0.910898 0.306811 0.905898 1 P 0
L 0.306811 0.905898 0.311811 0.905898 1 P 0
L 0.311811 0.905898 0.316811 0.910898 1 P 0
L 0.316811 0.910898 0.316811 0.935898 1 P 0
L 0.316811 0.910898 0.321811 0.905898 1 P 0
L 0.321811 0.905898 0.331811 0.905898 1 P 0
L 0.306811 0.890898 0.301811 0.885898 1 P 0
L 0.301811 0.885898 0.301811 0.870898 1 P 0
L 0.301811 0.870898 0.306811 0.865898 1 P 0
L 0.306811 0.865898 0.311811 0.865898 1 P 0
L 0.311811 0.865898 0.316811 0.870898 1 P 0
L 0.316811 0.870898 0.321811 0.865898 1 P 0
L 0.321811 0.865898 0.326811 0.865898 1 P 0
L 0.326811 0.865898 0.331811 0.870898 1 P 0
L 0.331811 0.870898 0.331811 0.885898 1 P 0
L 0.331811 0.885898 0.326811 0.890898 1 P 0
L 0.316811 0.880898 0.316811 0.870898 1 P 0
L 0.326811 0.855898 0.306811 0.855898 1 P 0
L 0.306811 0.855898 0.301811 0.850898 1 P 0
L 0.301811 0.850898 0.301811 0.830898 1 P 0
L 0.301811 0.830898 0.306811 0.825898 1 P 0
L 0.306811 0.825898 0.326811 0.825898 1 P 0
L 0.326811 0.825898 0.331811 0.830898 1 P 0
L 0.331811 0.830898 0.331811 0.850898 1 P 0
L 0.331811 0.850898 0.326811 0.855898 1 P 0
L 0.331811 0.855898 0.301811 0.825898 1 P 0
L -0.479 -0.061054 -0.479 0.238946 1 P 0
L -0.479 0.238946 -0.529 0.288946 1 P 0
L -0.529 0.288946 -0.629 0.288946 1 P 0
L -0.629 0.288946 -0.679 0.238946 1 P 0
L -0.679 0.238946 -0.679 -0.061054 1 P 0
L -0.679 -0.061054 -0.629 -0.111054 1 P 0
L -0.629 -0.111054 -0.529 -0.111054 1 P 0
L -0.529 -0.111054 -0.479 -0.061054 1 P 0
L -0.585984 0.388788 -0.555984 0.358788 1 P 0
L -0.555984 0.388788 -0.585984 0.358788 1 P 0
L -0.575984 0.338788 -0.585984 0.328788 1 P 0
L -0.585984 0.328788 -0.555984 0.328788 1 P 0
L 0.594724 0.995505 0.594724 0.890505 1 P 0
L 0.656724 0.995505 0.656724 0.889505 1 P 0
L 0.594724 0.912505 0.655724 0.912505 1 P 0
L 0.702394 0.982505 0.672394 0.982505 1 P 0
L 0.672394 0.982505 0.672394 0.962505 1 P 0
L 0.672394 0.962505 0.682394 0.952505 1 P 0
L 0.682394 0.952505 0.692394 0.952505 1 P 0
L 0.692394 0.952505 0.702394 0.962505 1 P 0
L 0.702394 0.962505 0.702394 0.982505 1 P 0
L 0.672394 0.937505 0.672394 0.912505 1 P 0
L 0.672394 0.912505 0.677394 0.912505 1 P 0
L 0.677394 0.912505 0.702394 0.937505 1 P 0
L 0.488425 0.995505 0.488425 0.890505 1 P 0
L 0.550425 0.995505 0.550425 0.889505 1 P 0
L 0.488425 0.912505 0.549425 0.912505 1 P 0
L 0.470984 1.010316 0.440984 1.010316 1 P 0
L 0.440984 1.010316 0.440984 0.990316 1 P 0
L 0.440984 0.990316 0.450984 0.980316 1 P 0
L 0.450984 0.980316 0.460984 0.980316 1 P 0
L 0.460984 0.980316 0.470984 0.990316 1 P 0
L 0.470984 0.990316 0.470984 1.010316 1 P 0
L 0.450984 0.960316 0.440984 0.950316 1 P 0
L 0.440984 0.950316 0.470984 0.950316 1 P 0
L 0.450984 0.920316 0.440984 0.910316 1 P 0
L 0.440984 0.910316 0.470984 0.910316 1 P 0
L 0.598165 0.758631 0.598165 0.770442 0 P 0
L 0.653283 0.758631 0.653283 0.770442 0 P 0
L 0.697874 0.828294 0.667874 0.828294 1 P 0
L 0.667874 0.828294 0.667874 0.803294 1 P 0
L 0.667874 0.803294 0.672874 0.798294 1 P 0
L 0.672874 0.798294 0.677874 0.798294 1 P 0
L 0.677874 0.798294 0.682874 0.803294 1 P 0
L 0.682874 0.803294 0.682874 0.828294 1 P 0
L 0.682874 0.803294 0.687874 0.798294 1 P 0
L 0.687874 0.798294 0.697874 0.798294 1 P 0
L 0.672874 0.783294 0.667874 0.778294 1 P 0
L 0.667874 0.778294 0.667874 0.763294 1 P 0
L 0.667874 0.763294 0.672874 0.758294 1 P 0
L 0.672874 0.758294 0.677874 0.758294 1 P 0
L 0.677874 0.758294 0.682874 0.763294 1 P 0
L 0.682874 0.763294 0.682874 0.778294 1 P 0
L 0.682874 0.778294 0.687874 0.783294 1 P 0
L 0.687874 0.783294 0.697874 0.783294 1 P 0
L 0.697874 0.783294 0.697874 0.758294 1 P 0
L 0.672874 0.718294 0.667874 0.723294 1 P 0
L 0.667874 0.723294 0.667874 0.738294 1 P 0
L 0.667874 0.738294 0.672874 0.743294 1 P 0
L 0.672874 0.743294 0.692874 0.743294 1 P 0
L 0.692874 0.743294 0.697874 0.738294 1 P 0
L 0.697874 0.738294 0.697874 0.723294 1 P 0
L 0.697874 0.723294 0.692874 0.718294 1 P 0
L 0.692874 0.718294 0.687874 0.718294 1 P 0
L 0.687874 0.718294 0.682874 0.723294 1 P 0
L 0.682874 0.723294 0.682874 0.743294 1 P 0
L 0.491866 0.758631 0.491866 0.770442 0 P 0
L 0.546984 0.758631 0.546984 0.770442 0 P 0
L 0.591142 0.825678 0.561142 0.825678 1 P 0
L 0.561142 0.825678 0.561142 0.800678 1 P 0
L 0.561142 0.800678 0.566142 0.795678 1 P 0
L 0.566142 0.795678 0.571142 0.795678 1 P 0
L 0.571142 0.795678 0.576142 0.800678 1 P 0
L 0.576142 0.800678 0.576142 0.825678 1 P 0
L 0.576142 0.800678 0.581142 0.795678 1 P 0
L 0.581142 0.795678 0.591142 0.795678 1 P 0
L 0.566142 0.780678 0.561142 0.775678 1 P 0
L 0.561142 0.775678 0.561142 0.760678 1 P 0
L 0.561142 0.760678 0.566142 0.755678 1 P 0
L 0.566142 0.755678 0.571142 0.755678 1 P 0
L 0.571142 0.755678 0.576142 0.760678 1 P 0
L 0.576142 0.760678 0.576142 0.775678 1 P 0
L 0.576142 0.775678 0.581142 0.780678 1 P 0
L 0.581142 0.780678 0.591142 0.780678 1 P 0
L 0.591142 0.780678 0.591142 0.755678 1 P 0
L 0.571142 0.715678 0.576142 0.720678 1 P 0
L 0.576142 0.720678 0.576142 0.735678 1 P 0
L 0.576142 0.735678 0.571142 0.740678 1 P 0
L 0.571142 0.740678 0.566142 0.740678 1 P 0
L 0.566142 0.740678 0.561142 0.735678 1 P 0
L 0.561142 0.735678 0.561142 0.720678 1 P 0
L 0.561142 0.720678 0.566142 0.715678 1 P 0
L 0.566142 0.715678 0.586142 0.715678 1 P 0
L 0.586142 0.715678 0.591142 0.720678 1 P 0
L 0.591142 0.720678 0.591142 0.735678 1 P 0
L -0.75948 0.011127 -0.75948 -0.015873 1 P 0
L -0.71148 0.011127 -0.71148 -0.016873 1 P 0
L -0.724504 -0.108157 -0.719504 -0.103157 1 P 0
L -0.719504 -0.103157 -0.719504 -0.088157 1 P 0
L -0.719504 -0.088157 -0.729504 -0.078157 1 P 0
L -0.729504 -0.078157 -0.739504 -0.078157 1 P 0
L -0.739504 -0.078157 -0.749504 -0.088157 1 P 0
L -0.749504 -0.088157 -0.749504 -0.103157 1 P 0
L -0.749504 -0.103157 -0.744504 -0.108157 1 P 0
L -0.749504 -0.123157 -0.749504 -0.148157 1 P 0
L -0.749504 -0.148157 -0.744504 -0.148157 1 P 0
L -0.744504 -0.148157 -0.719504 -0.123157 1 P 0
L -0.71348 0.134733 -0.71348 0.161733 1 P 0
L -0.76148 0.134733 -0.76148 0.162733 1 P 0
L -0.72237 0.289513 -0.71737 0.294513 1 P 0
L -0.71737 0.294513 -0.71737 0.309513 1 P 0
L -0.71737 0.309513 -0.72737 0.319513 1 P 0
L -0.72737 0.319513 -0.73737 0.319513 1 P 0
L -0.73737 0.319513 -0.74737 0.309513 1 P 0
L -0.74737 0.309513 -0.74737 0.294513 1 P 0
L -0.74737 0.294513 -0.74237 0.289513 1 P 0
L -0.73237 0.269513 -0.73737 0.274513 1 P 0
L -0.73737 0.274513 -0.74237 0.274513 1 P 0
L -0.74237 0.274513 -0.74737 0.269513 1 P 0
L -0.74737 0.269513 -0.74737 0.254513 1 P 0
L -0.74737 0.254513 -0.74237 0.249513 1 P 0
L -0.74237 0.249513 -0.73737 0.249513 1 P 0
L -0.73737 0.249513 -0.73237 0.254513 1 P 0
L -0.73237 0.254513 -0.73237 0.269513 1 P 0
L -0.73237 0.269513 -0.72737 0.274513 1 P 0
L -0.72737 0.274513 -0.72237 0.274513 1 P 0
L -0.72237 0.274513 -0.71737 0.269513 1 P 0
L -0.71737 0.269513 -0.71737 0.254513 1 P 0
L -0.71737 0.254513 -0.72237 0.249513 1 P 0
L -0.72237 0.249513 -0.72737 0.249513 1 P 0
L -0.72737 0.249513 -0.73237 0.254513 1 P 0
L 1.562732 -0.901802 1.562732 -0.928377 0 P 0
L 1.562732 -0.928377 1.861945 -0.928377 0 P 0
L 1.861945 -0.928377 1.861945 -0.901802 0 P 0
L 1.562732 -0.77385 1.562732 -0.747275 0 P 0
L 1.562732 -0.747275 1.861945 -0.747275 0 P 0
L 1.861945 -0.747275 1.861945 -0.77385 0 P 0
L 1.830807 -0.95777 1.835807 -0.96277 1 P 0
L 1.835807 -0.96277 1.850807 -0.96277 1 P 0
L 1.850807 -0.96277 1.860807 -0.95277 1 P 0
L 1.860807 -0.95277 1.860807 -0.94277 1 P 0
L 1.860807 -0.94277 1.850807 -0.93277 1 P 0
L 1.850807 -0.93277 1.835807 -0.93277 1 P 0
L 1.835807 -0.93277 1.830807 -0.93777 1 P 0
L 1.810807 -0.94277 1.800807 -0.93277 1 P 0
L 1.800807 -0.93277 1.800807 -0.96277 1 P 0
L 1.750807 -0.93277 1.775807 -0.93277 1 P 0
L 1.775807 -0.93277 1.775807 -0.94277 1 P 0
L 1.775807 -0.94277 1.755807 -0.94277 1 P 0
L 1.755807 -0.94277 1.750807 -0.94777 1 P 0
L 1.750807 -0.94777 1.750807 -0.95777 1 P 0
L 1.750807 -0.95777 1.755807 -0.96277 1 P 0
L 1.755807 -0.96277 1.770807 -0.96277 1 P 0
L 1.770807 -0.96277 1.775807 -0.95777 1 P 0
L -0.245496 -0.10444 -0.245496 0.411308 0 P 0
L -0.245496 0.411308 0.270252 0.411308 0 P 0
L 0.270252 0.411308 0.270252 -0.10444 0 P 0
L 0.270252 -0.10444 -0.245496 -0.10444 0 P 0
L -0.446559 -0.017872 -0.421559 -0.017872 1 P 0
L -0.421559 -0.017872 -0.416559 -0.022872 1 P 0
L -0.416559 -0.022872 -0.416559 -0.042872 1 P 0
L -0.416559 -0.042872 -0.421559 -0.047872 1 P 0
L -0.421559 -0.047872 -0.446559 -0.047872 1 P 0
L -0.436559 -0.067872 -0.446559 -0.077872 1 P 0
L -0.446559 -0.077872 -0.416559 -0.077872 1 P 0
L -0.426559 -0.127872 -0.426559 -0.097872 1 P 0
L -0.426559 -0.097872 -0.446559 -0.117872 1 P 0
L -0.446559 -0.117872 -0.416559 -0.117872 1 P 0
L -0.496323 0.615914 -0.496323 0.642489 0 P 0
L -0.496323 0.642489 -0.795535 0.642489 0 P 0
L -0.795535 0.642489 -0.795535 0.615914 0 P 0
L -0.496323 0.487961 -0.496323 0.461387 0 P 0
L -0.496323 0.461387 -0.795535 0.461387 0 P 0
L -0.795535 0.461387 -0.795535 0.487961 0 P 0
L -0.601657 0.662489 -0.596657 0.657489 1 P 0
L -0.596657 0.657489 -0.581657 0.657489 1 P 0
L -0.581657 0.657489 -0.571657 0.667489 1 P 0
L -0.571657 0.667489 -0.571657 0.677489 1 P 0
L -0.571657 0.677489 -0.581657 0.687489 1 P 0
L -0.581657 0.687489 -0.596657 0.687489 1 P 0
L -0.596657 0.687489 -0.601657 0.682489 1 P 0
L -0.621657 0.677489 -0.631657 0.687489 1 P 0
L -0.631657 0.687489 -0.631657 0.657489 1 P 0
L -0.656657 0.687489 -0.681657 0.687489 1 P 0
L -0.681657 0.687489 -0.681657 0.682489 1 P 0
L -0.681657 0.682489 -0.656657 0.657489 1 P 0
L 0.487307 -0.167094 0.487307 -0.140094 1 P 0
L 0.439307 -0.167094 0.439307 -0.139094 1 P 0
L 0.401996 -0.116161 0.406996 -0.111161 1 P 0
L 0.406996 -0.111161 0.406996 -0.096161 1 P 0
L 0.406996 -0.096161 0.396996 -0.086161 1 P 0
L 0.396996 -0.086161 0.386996 -0.086161 1 P 0
L 0.386996 -0.086161 0.376996 -0.096161 1 P 0
L 0.376996 -0.096161 0.376996 -0.111161 1 P 0
L 0.376996 -0.111161 0.381996 -0.116161 1 P 0
L 0.386996 -0.136161 0.376996 -0.146161 1 P 0
L 0.376996 -0.146161 0.406996 -0.146161 1 P 0
L 0.391996 -0.176161 0.386996 -0.171161 1 P 0
L 0.386996 -0.171161 0.381996 -0.171161 1 P 0
L 0.381996 -0.171161 0.376996 -0.176161 1 P 0
L 0.376996 -0.176161 0.376996 -0.191161 1 P 0
L 0.376996 -0.191161 0.381996 -0.196161 1 P 0
L 0.381996 -0.196161 0.386996 -0.196161 1 P 0
L 0.386996 -0.196161 0.391996 -0.191161 1 P 0
L 0.391996 -0.191161 0.391996 -0.176161 1 P 0
L 0.391996 -0.176161 0.396996 -0.171161 1 P 0
L 0.396996 -0.171161 0.401996 -0.171161 1 P 0
L 0.401996 -0.171161 0.406996 -0.176161 1 P 0
L 0.406996 -0.176161 0.406996 -0.191161 1 P 0
L 0.406996 -0.191161 0.401996 -0.196161 1 P 0
L 0.401996 -0.196161 0.396996 -0.196161 1 P 0
L 0.396996 -0.196161 0.391996 -0.191161 1 P 0
L 1.148402 -0.789393 1.058402 -0.789393 1 P 0
L 1.058402 -0.789393 1.056087 -0.8012 1 P 0
L 1.056087 -0.8012 1.04973 -0.810721 1 P 0
L 1.04973 -0.810721 1.040208 -0.817078 1 P 0
L 1.040208 -0.817078 1.028402 -0.819393 1 P 0
L 0.998402 -0.789393 1.000716 -0.8012 1 P 0
L 1.000716 -0.8012 1.007074 -0.810721 1 P 0
L 1.007074 -0.810721 1.016595 -0.817078 1 P 0
L 1.016595 -0.817078 1.028402 -0.819393 1 P 0
L 0.998402 -0.789393 0.908402 -0.789393 1 P 0
L 1.118402 -1.165393 0.938402 -1.165393 1 P 0
L 1.148402 -0.802393 1.148402 -1.152393 1 P 0
L 0.908402 -0.802393 0.908402 -1.152393 1 P 0
L 1.148402 -0.802393 1.148402 -0.789393 1 P 0
L 0.908402 -0.789393 0.908402 -0.802393 1 P 0
L 0.938402 -1.165393 0.908402 -1.165393 1 P 0
L 0.908402 -1.165393 0.908402 -1.152393 1 P 0
L 1.148402 -1.152393 1.148402 -1.165393 1 P 0
L 1.148402 -1.165393 1.118402 -1.165393 1 P 0
L 1.285252 -1.198889 1.285252 -1.223889 1 P 0
L 1.285252 -1.223889 1.280252 -1.228889 1 P 0
L 1.280252 -1.228889 1.260252 -1.228889 1 P 0
L 1.260252 -1.228889 1.255252 -1.223889 1 P 0
L 1.255252 -1.223889 1.255252 -1.198889 1 P 0
L 1.235252 -1.208889 1.225252 -1.198889 1 P 0
L 1.225252 -1.198889 1.225252 -1.228889 1 P 0
L 1.195252 -1.213889 1.200252 -1.208889 1 P 0
L 1.200252 -1.208889 1.200252 -1.203889 1 P 0
L 1.200252 -1.203889 1.195252 -1.198889 1 P 0
L 1.195252 -1.198889 1.180252 -1.198889 1 P 0
L 1.180252 -1.198889 1.175252 -1.203889 1 P 0
L 1.175252 -1.203889 1.175252 -1.208889 1 P 0
L 1.175252 -1.208889 1.180252 -1.213889 1 P 0
L 1.180252 -1.213889 1.195252 -1.213889 1 P 0
L 1.195252 -1.213889 1.200252 -1.218889 1 P 0
L 1.200252 -1.218889 1.200252 -1.223889 1 P 0
L 1.200252 -1.223889 1.195252 -1.228889 1 P 0
L 1.195252 -1.228889 1.180252 -1.228889 1 P 0
L 1.180252 -1.228889 1.175252 -1.223889 1 P 0
L 1.175252 -1.223889 1.175252 -1.218889 1 P 0
L 1.175252 -1.218889 1.180252 -1.213889 1 P 0
L 0.070488 -0.3227 0.043488 -0.3227 1 P 0
L 0.070488 -0.3707 0.042488 -0.3707 1 P 0
L 0.12182 -0.288588 0.12682 -0.293588 1 P 0
L 0.12682 -0.293588 0.14182 -0.293588 1 P 0
L 0.14182 -0.293588 0.15182 -0.283588 1 P 0
L 0.15182 -0.283588 0.15182 -0.273588 1 P 0
L 0.15182 -0.273588 0.14182 -0.263588 1 P 0
L 0.14182 -0.263588 0.12682 -0.263588 1 P 0
L 0.12682 -0.263588 0.12182 -0.268588 1 P 0
L 0.10682 -0.268588 0.10182 -0.263588 1 P 0
L 0.10182 -0.263588 0.08682 -0.263588 1 P 0
L 0.08682 -0.263588 0.08182 -0.268588 1 P 0
L 0.08182 -0.268588 0.08182 -0.273588 1 P 0
L 0.08182 -0.273588 0.08682 -0.278588 1 P 0
L 0.08682 -0.278588 0.10182 -0.278588 1 P 0
L 0.10182 -0.278588 0.10682 -0.283588 1 P 0
L 0.10682 -0.283588 0.10682 -0.293588 1 P 0
L 0.10682 -0.293588 0.08182 -0.293588 1 P 0
L 0.06682 -0.268588 0.06182 -0.263588 1 P 0
L 0.06182 -0.263588 0.04682 -0.263588 1 P 0
L 0.04682 -0.263588 0.04182 -0.268588 1 P 0
L 0.04182 -0.268588 0.04182 -0.273588 1 P 0
L 0.04182 -0.273588 0.04682 -0.278588 1 P 0
L 0.04682 -0.278588 0.06182 -0.278588 1 P 0
L 0.06182 -0.278588 0.06682 -0.283588 1 P 0
L 0.06682 -0.283588 0.06682 -0.293588 1 P 0
L 0.06682 -0.293588 0.04182 -0.293588 1 P 0
L 0.399346 -0.457905 0.344228 -0.457905 0 P 0
L 0.399346 -0.51696 0.344228 -0.51696 0 P 0
L 0.399346 -0.457905 0.399346 -0.51696 0 P 0
L 0.393441 -0.51696 0.393441 -0.457905 0 P 0
L 0.387535 -0.51696 0.387535 -0.457905 0 P 0
L 0.38163 -0.51696 0.38163 -0.457905 0 P 0
L 0.471902 -0.578976 0.471902 -0.548976 1 P 0
L 0.471902 -0.548976 0.451902 -0.548976 1 P 0
L 0.451902 -0.548976 0.441902 -0.558976 1 P 0
L 0.441902 -0.558976 0.441902 -0.568976 1 P 0
L 0.441902 -0.568976 0.451902 -0.578976 1 P 0
L 0.451902 -0.578976 0.471902 -0.578976 1 P 0
L 0.421902 -0.558976 0.411902 -0.548976 1 P 0
L 0.411902 -0.548976 0.411902 -0.578976 1 P 0
L 0.361902 -0.568976 0.391902 -0.568976 1 P 0
L 0.391902 -0.568976 0.371902 -0.548976 1 P 0
L 0.371902 -0.548976 0.371902 -0.578976 1 P 0
L 0.307551 -0.644771 0.1107 -0.644771 1 P 0
L 0.207094 -0.546346 0.207094 -0.743196 1 P 0
L 0.518543 -0.678503 0.518543 -0.969842 1 P 0
L 0.357126 -0.969842 0.514606 -0.969842 1 P 0
L 0.357126 -0.678503 0.518543 -0.678503 1 P 0
L 0.300872 -0.409537 0.300872 -0.379537 1 P 0
L 0.300872 -0.379537 0.275872 -0.379537 1 P 0
L 0.275872 -0.379537 0.270872 -0.384537 1 P 0
L 0.270872 -0.384537 0.270872 -0.389537 1 P 0
L 0.270872 -0.389537 0.275872 -0.394537 1 P 0
L 0.275872 -0.394537 0.270872 -0.399537 1 P 0
L 0.270872 -0.399537 0.270872 -0.404537 1 P 0
L 0.270872 -0.404537 0.275872 -0.409537 1 P 0
L 0.275872 -0.409537 0.300872 -0.409537 1 P 0
L 0.300872 -0.394537 0.275872 -0.394537 1 P 0
L 0.260872 -0.409537 0.260872 -0.389537 1 P 0
L 0.260872 -0.389537 0.250872 -0.379537 1 P 0
L 0.250872 -0.379537 0.240872 -0.379537 1 P 0
L 0.240872 -0.379537 0.230872 -0.389537 1 P 0
L 0.230872 -0.389537 0.230872 -0.409537 1 P 0
L 0.260872 -0.399537 0.230872 -0.399537 1 P 0
L 0.220872 -0.379537 0.190872 -0.379537 1 P 0
L 0.205872 -0.379537 0.205872 -0.409537 1 P 0
L 0.170872 -0.389537 0.160872 -0.379537 1 P 0
L 0.160872 -0.379537 0.160872 -0.409537 1 P 0
L 0.530252 0.630678 0.503677 0.630678 0 P 0
L 0.503677 0.630678 0.503677 0.331465 0 P 0
L 0.503677 0.331465 0.530252 0.331465 0 P 0
L 0.658205 0.630678 0.68478 0.630678 0 P 0
L 0.68478 0.630678 0.68478 0.331465 0 P 0
L 0.68478 0.331465 0.658205 0.331465 0 P 0
L 0.731709 0.603769 0.736709 0.608769 1 P 0
L 0.736709 0.608769 0.736709 0.623769 1 P 0
L 0.736709 0.623769 0.726709 0.633769 1 P 0
L 0.726709 0.633769 0.716709 0.633769 1 P 0
L 0.716709 0.633769 0.706709 0.623769 1 P 0
L 0.706709 0.623769 0.706709 0.608769 1 P 0
L 0.706709 0.608769 0.711709 0.603769 1 P 0
L 0.716709 0.563769 0.721709 0.568769 1 P 0
L 0.721709 0.568769 0.721709 0.583769 1 P 0
L 0.721709 0.583769 0.716709 0.588769 1 P 0
L 0.716709 0.588769 0.711709 0.588769 1 P 0
L 0.711709 0.588769 0.706709 0.583769 1 P 0
L 0.706709 0.583769 0.706709 0.568769 1 P 0
L 0.706709 0.568769 0.711709 0.563769 1 P 0
L 0.711709 0.563769 0.731709 0.563769 1 P 0
L 0.731709 0.563769 0.736709 0.568769 1 P 0
L 0.736709 0.568769 0.736709 0.583769 1 P 0
L 1.129661 0.651441 1.129661 0.678015 0 P 0
L 1.129661 0.678015 0.830449 0.678015 0 P 0
L 0.830449 0.678015 0.830449 0.651441 0 P 0
L 1.129661 0.523488 1.129661 0.496913 0 P 0
L 1.129661 0.496913 0.830449 0.496913 0 P 0
L 0.830449 0.496913 0.830449 0.523488 0 P 0
L 0.779043 0.536582 0.784043 0.531582 1 P 0
L 0.784043 0.531582 0.799043 0.531582 1 P 0
L 0.799043 0.531582 0.809043 0.541582 1 P 0
L 0.809043 0.541582 0.809043 0.551582 1 P 0
L 0.809043 0.551582 0.799043 0.561582 1 P 0
L 0.799043 0.561582 0.784043 0.561582 1 P 0
L 0.784043 0.561582 0.779043 0.556582 1 P 0
L 0.759043 0.551582 0.749043 0.561582 1 P 0
L 0.749043 0.561582 0.749043 0.531582 1 P 0
L 0.753677 -0.530739 0.804858 -0.530739 0 P 0
L 0.708575 -0.512613 0.713575 -0.507613 1 P 0
L 0.713575 -0.507613 0.713575 -0.492613 1 P 0
L 0.713575 -0.492613 0.703575 -0.482613 1 P 0
L 0.703575 -0.482613 0.693575 -0.482613 1 P 0
L 0.693575 -0.482613 0.683575 -0.492613 1 P 0
L 0.683575 -0.492613 0.683575 -0.507613 1 P 0
L 0.683575 -0.507613 0.688575 -0.512613 1 P 0
L 0.688575 -0.527613 0.683575 -0.532613 1 P 0
L 0.683575 -0.532613 0.683575 -0.547613 1 P 0
L 0.683575 -0.547613 0.688575 -0.552613 1 P 0
L 0.688575 -0.552613 0.693575 -0.552613 1 P 0
L 0.693575 -0.552613 0.698575 -0.547613 1 P 0
L 0.698575 -0.547613 0.698575 -0.532613 1 P 0
L 0.698575 -0.532613 0.703575 -0.527613 1 P 0
L 0.703575 -0.527613 0.713575 -0.527613 1 P 0
L 0.713575 -0.527613 0.713575 -0.552613 1 P 0
L 0.698575 -0.572613 0.693575 -0.567613 1 P 0
L 0.693575 -0.567613 0.688575 -0.567613 1 P 0
L 0.688575 -0.567613 0.683575 -0.572613 1 P 0
L 0.683575 -0.572613 0.683575 -0.587613 1 P 0
L 0.683575 -0.587613 0.688575 -0.592613 1 P 0
L 0.688575 -0.592613 0.693575 -0.592613 1 P 0
L 0.693575 -0.592613 0.698575 -0.587613 1 P 0
L 0.698575 -0.587613 0.698575 -0.572613 1 P 0
L 0.698575 -0.572613 0.703575 -0.567613 1 P 0
L 0.703575 -0.567613 0.708575 -0.567613 1 P 0
L 0.708575 -0.567613 0.713575 -0.572613 1 P 0
L 0.713575 -0.572613 0.713575 -0.587613 1 P 0
L 0.713575 -0.587613 0.708575 -0.592613 1 P 0
L 0.708575 -0.592613 0.703575 -0.592613 1 P 0
L 0.703575 -0.592613 0.698575 -0.587613 1 P 0
L 0.95974 -0.579739 0.947929 -0.579739 0 P 0
L 0.95974 -0.524621 0.947929 -0.524621 0 P 0
L 1.021567 -0.490094 1.021567 -0.460094 1 P 0
L 1.021567 -0.460094 0.996567 -0.460094 1 P 0
L 0.996567 -0.460094 0.991567 -0.465094 1 P 0
L 0.991567 -0.465094 0.991567 -0.470094 1 P 0
L 0.991567 -0.470094 0.996567 -0.475094 1 P 0
L 0.996567 -0.475094 1.021567 -0.475094 1 P 0
L 0.996567 -0.475094 0.991567 -0.480094 1 P 0
L 0.991567 -0.480094 0.991567 -0.490094 1 P 0
L 0.951567 -0.460094 0.976567 -0.460094 1 P 0
L 0.976567 -0.460094 0.976567 -0.470094 1 P 0
L 0.976567 -0.470094 0.956567 -0.470094 1 P 0
L 0.956567 -0.470094 0.951567 -0.475094 1 P 0
L 0.951567 -0.475094 0.951567 -0.485094 1 P 0
L 0.951567 -0.485094 0.956567 -0.490094 1 P 0
L 0.956567 -0.490094 0.971567 -0.490094 1 P 0
L 0.971567 -0.490094 0.976567 -0.485094 1 P 0
L 0.911567 -0.465094 0.916567 -0.460094 1 P 0
L 0.916567 -0.460094 0.931567 -0.460094 1 P 0
L 0.931567 -0.460094 0.936567 -0.465094 1 P 0
L 0.936567 -0.465094 0.936567 -0.485094 1 P 0
L 0.936567 -0.485094 0.931567 -0.490094 1 P 0
L 0.931567 -0.490094 0.916567 -0.490094 1 P 0
L 0.916567 -0.490094 0.911567 -0.485094 1 P 0
L 0.911567 -0.485094 0.911567 -0.480094 1 P 0
L 0.911567 -0.480094 0.916567 -0.475094 1 P 0
L 0.916567 -0.475094 0.936567 -0.475094 1 P 0
L -0.037661 0.685796 -0.080969 0.685796 0 P 0
L -0.037661 0.756662 -0.080969 0.756662 0 P 0
L -0.089251 0.641209 -0.084251 0.636209 1 P 0
L -0.084251 0.636209 -0.069251 0.636209 1 P 0
L -0.069251 0.636209 -0.059251 0.646209 1 P 0
L -0.059251 0.646209 -0.059251 0.656209 1 P 0
L -0.059251 0.656209 -0.069251 0.666209 1 P 0
L -0.069251 0.666209 -0.084251 0.666209 1 P 0
L -0.084251 0.666209 -0.089251 0.661209 1 P 0
L -0.104251 0.661209 -0.109251 0.666209 1 P 0
L -0.109251 0.666209 -0.124251 0.666209 1 P 0
L -0.124251 0.666209 -0.129251 0.661209 1 P 0
L -0.129251 0.661209 -0.129251 0.656209 1 P 0
L -0.129251 0.656209 -0.124251 0.651209 1 P 0
L -0.124251 0.651209 -0.109251 0.651209 1 P 0
L -0.109251 0.651209 -0.104251 0.646209 1 P 0
L -0.104251 0.646209 -0.104251 0.636209 1 P 0
L -0.104251 0.636209 -0.129251 0.636209 1 P 0
L -0.169251 0.656209 -0.164251 0.651209 1 P 0
L -0.164251 0.651209 -0.149251 0.651209 1 P 0
L -0.149251 0.651209 -0.144251 0.656209 1 P 0
L -0.144251 0.656209 -0.144251 0.661209 1 P 0
L -0.144251 0.661209 -0.149251 0.666209 1 P 0
L -0.149251 0.666209 -0.164251 0.666209 1 P 0
L -0.164251 0.666209 -0.169251 0.661209 1 P 0
L -0.169251 0.661209 -0.169251 0.641209 1 P 0
L -0.169251 0.641209 -0.164251 0.636209 1 P 0
L -0.164251 0.636209 -0.149251 0.636209 1 P 0
L -0.962858 -0.60948 -0.951047 -0.60948 0 P 0
L -0.962858 -0.664598 -0.951047 -0.664598 0 P 0
L -0.680417 -0.634794 -0.680417 -0.604794 1 P 0
L -0.680417 -0.604794 -0.705417 -0.604794 1 P 0
L -0.705417 -0.604794 -0.710417 -0.609794 1 P 0
L -0.710417 -0.609794 -0.710417 -0.614794 1 P 0
L -0.710417 -0.614794 -0.705417 -0.619794 1 P 0
L -0.705417 -0.619794 -0.680417 -0.619794 1 P 0
L -0.705417 -0.619794 -0.710417 -0.624794 1 P 0
L -0.710417 -0.624794 -0.710417 -0.634794 1 P 0
L -0.750417 -0.604794 -0.725417 -0.604794 1 P 0
L -0.725417 -0.604794 -0.725417 -0.614794 1 P 0
L -0.725417 -0.614794 -0.745417 -0.614794 1 P 0
L -0.745417 -0.614794 -0.750417 -0.619794 1 P 0
L -0.750417 -0.619794 -0.750417 -0.629794 1 P 0
L -0.750417 -0.629794 -0.745417 -0.634794 1 P 0
L -0.745417 -0.634794 -0.730417 -0.634794 1 P 0
L -0.730417 -0.634794 -0.725417 -0.629794 1 P 0
L -0.790417 -0.614794 -0.785417 -0.619794 1 P 0
L -0.785417 -0.619794 -0.770417 -0.619794 1 P 0
L -0.770417 -0.619794 -0.765417 -0.614794 1 P 0
L -0.765417 -0.614794 -0.765417 -0.609794 1 P 0
L -0.765417 -0.609794 -0.770417 -0.604794 1 P 0
L -0.770417 -0.604794 -0.785417 -0.604794 1 P 0
L -0.785417 -0.604794 -0.790417 -0.609794 1 P 0
L -0.790417 -0.609794 -0.790417 -0.629794 1 P 0
L -0.790417 -0.629794 -0.785417 -0.634794 1 P 0
L -0.785417 -0.634794 -0.770417 -0.634794 1 P 0
L -0.962858 -0.507117 -0.951047 -0.507117 0 P 0
L -0.962858 -0.562235 -0.951047 -0.562235 0 P 0
L -0.7041 -0.556054 -0.7041 -0.526054 1 P 0
L -0.7041 -0.526054 -0.7291 -0.526054 1 P 0
L -0.7291 -0.526054 -0.7341 -0.531054 1 P 0
L -0.7341 -0.531054 -0.7341 -0.536054 1 P 0
L -0.7341 -0.536054 -0.7291 -0.541054 1 P 0
L -0.7291 -0.541054 -0.7041 -0.541054 1 P 0
L -0.7291 -0.541054 -0.7341 -0.546054 1 P 0
L -0.7341 -0.546054 -0.7341 -0.556054 1 P 0
L -0.7741 -0.526054 -0.7491 -0.526054 1 P 0
L -0.7491 -0.526054 -0.7491 -0.536054 1 P 0
L -0.7491 -0.536054 -0.7691 -0.536054 1 P 0
L -0.7691 -0.536054 -0.7741 -0.541054 1 P 0
L -0.7741 -0.541054 -0.7741 -0.551054 1 P 0
L -0.7741 -0.551054 -0.7691 -0.556054 1 P 0
L -0.7691 -0.556054 -0.7541 -0.556054 1 P 0
L -0.7541 -0.556054 -0.7491 -0.551054 1 P 0
L -0.7941 -0.541054 -0.7891 -0.536054 1 P 0
L -0.7891 -0.536054 -0.7891 -0.531054 1 P 0
L -0.7891 -0.531054 -0.7941 -0.526054 1 P 0
L -0.7941 -0.526054 -0.8091 -0.526054 1 P 0
L -0.8091 -0.526054 -0.8141 -0.531054 1 P 0
L -0.8141 -0.531054 -0.8141 -0.536054 1 P 0
L -0.8141 -0.536054 -0.8091 -0.541054 1 P 0
L -0.8091 -0.541054 -0.7941 -0.541054 1 P 0
L -0.7941 -0.541054 -0.7891 -0.546054 1 P 0
L -0.7891 -0.546054 -0.7891 -0.551054 1 P 0
L -0.7891 -0.551054 -0.7941 -0.556054 1 P 0
L -0.7941 -0.556054 -0.8091 -0.556054 1 P 0
L -0.8091 -0.556054 -0.8141 -0.551054 1 P 0
L -0.8141 -0.551054 -0.8141 -0.546054 1 P 0
L -0.8141 -0.546054 -0.8091 -0.541054 1 P 0
L -0.807346 -0.453968 -0.807346 -0.442157 0 P 0
L -0.752228 -0.453968 -0.752228 -0.442157 0 P 0
L -0.829276 -0.391999 -0.859276 -0.391999 1 P 0
L -0.859276 -0.391999 -0.859276 -0.416999 1 P 0
L -0.859276 -0.416999 -0.854276 -0.421999 1 P 0
L -0.854276 -0.421999 -0.849276 -0.421999 1 P 0
L -0.849276 -0.421999 -0.844276 -0.416999 1 P 0
L -0.844276 -0.416999 -0.844276 -0.391999 1 P 0
L -0.844276 -0.416999 -0.839276 -0.421999 1 P 0
L -0.839276 -0.421999 -0.829276 -0.421999 1 P 0
L -0.854276 -0.461999 -0.859276 -0.456999 1 P 0
L -0.859276 -0.456999 -0.859276 -0.441999 1 P 0
L -0.859276 -0.441999 -0.854276 -0.436999 1 P 0
L -0.854276 -0.436999 -0.834276 -0.436999 1 P 0
L -0.834276 -0.436999 -0.829276 -0.441999 1 P 0
L -0.829276 -0.441999 -0.829276 -0.456999 1 P 0
L -0.829276 -0.456999 -0.834276 -0.461999 1 P 0
L -0.834276 -0.461999 -0.839276 -0.461999 1 P 0
L -0.839276 -0.461999 -0.844276 -0.456999 1 P 0
L -0.844276 -0.456999 -0.844276 -0.436999 1 P 0
L -0.834276 -0.471999 -0.854276 -0.471999 1 P 0
L -0.854276 -0.471999 -0.859276 -0.476999 1 P 0
L -0.859276 -0.476999 -0.859276 -0.496999 1 P 0
L -0.859276 -0.496999 -0.854276 -0.501999 1 P 0
L -0.854276 -0.501999 -0.834276 -0.501999 1 P 0
L -0.834276 -0.501999 -0.829276 -0.496999 1 P 0
L -0.829276 -0.496999 -0.829276 -0.476999 1 P 0
L -0.829276 -0.476999 -0.834276 -0.471999 1 P 0
L -0.829276 -0.471999 -0.859276 -0.501999 1 P 0
L -0.962858 -0.848621 -0.951047 -0.848621 0 P 0
L -0.962858 -0.903739 -0.951047 -0.903739 0 P 0
L -0.704039 -0.88181 -0.704039 -0.85181 1 P 0
L -0.704039 -0.85181 -0.729039 -0.85181 1 P 0
L -0.729039 -0.85181 -0.734039 -0.85681 1 P 0
L -0.734039 -0.85681 -0.734039 -0.86181 1 P 0
L -0.734039 -0.86181 -0.729039 -0.86681 1 P 0
L -0.729039 -0.86681 -0.704039 -0.86681 1 P 0
L -0.729039 -0.86681 -0.734039 -0.87181 1 P 0
L -0.734039 -0.87181 -0.734039 -0.88181 1 P 0
L -0.774039 -0.85681 -0.769039 -0.85181 1 P 0
L -0.769039 -0.85181 -0.754039 -0.85181 1 P 0
L -0.754039 -0.85181 -0.749039 -0.85681 1 P 0
L -0.749039 -0.85681 -0.749039 -0.87681 1 P 0
L -0.749039 -0.87681 -0.754039 -0.88181 1 P 0
L -0.754039 -0.88181 -0.769039 -0.88181 1 P 0
L -0.769039 -0.88181 -0.774039 -0.87681 1 P 0
L -0.774039 -0.87681 -0.774039 -0.87181 1 P 0
L -0.774039 -0.87181 -0.769039 -0.86681 1 P 0
L -0.769039 -0.86681 -0.749039 -0.86681 1 P 0
L -0.794039 -0.86181 -0.804039 -0.85181 1 P 0
L -0.804039 -0.85181 -0.804039 -0.88181 1 P 0
L -0.951047 -0.763023 -0.962858 -0.763023 0 P 0
L -0.951047 -0.707905 -0.962858 -0.707905 0 P 0
L -0.704039 -0.744086 -0.704039 -0.714086 1 P 0
L -0.704039 -0.714086 -0.729039 -0.714086 1 P 0
L -0.729039 -0.714086 -0.734039 -0.719086 1 P 0
L -0.734039 -0.719086 -0.734039 -0.724086 1 P 0
L -0.734039 -0.724086 -0.729039 -0.729086 1 P 0
L -0.729039 -0.729086 -0.704039 -0.729086 1 P 0
L -0.729039 -0.729086 -0.734039 -0.734086 1 P 0
L -0.734039 -0.734086 -0.734039 -0.744086 1 P 0
L -0.774039 -0.719086 -0.769039 -0.714086 1 P 0
L -0.769039 -0.714086 -0.754039 -0.714086 1 P 0
L -0.754039 -0.714086 -0.749039 -0.719086 1 P 0
L -0.749039 -0.719086 -0.749039 -0.739086 1 P 0
L -0.749039 -0.739086 -0.754039 -0.744086 1 P 0
L -0.754039 -0.744086 -0.769039 -0.744086 1 P 0
L -0.769039 -0.744086 -0.774039 -0.739086 1 P 0
L -0.774039 -0.739086 -0.774039 -0.734086 1 P 0
L -0.774039 -0.734086 -0.769039 -0.729086 1 P 0
L -0.769039 -0.729086 -0.749039 -0.729086 1 P 0
L -0.789039 -0.719086 -0.794039 -0.714086 1 P 0
L -0.794039 -0.714086 -0.809039 -0.714086 1 P 0
L -0.809039 -0.714086 -0.814039 -0.719086 1 P 0
L -0.814039 -0.719086 -0.814039 -0.724086 1 P 0
L -0.814039 -0.724086 -0.809039 -0.729086 1 P 0
L -0.809039 -0.729086 -0.814039 -0.734086 1 P 0
L -0.814039 -0.734086 -0.814039 -0.739086 1 P 0
L -0.814039 -0.739086 -0.809039 -0.744086 1 P 0
L -0.809039 -0.744086 -0.794039 -0.744086 1 P 0
L -0.794039 -0.744086 -0.789039 -0.739086 1 P 0
L -0.799039 -0.729086 -0.809039 -0.729086 1 P 0
L -0.951047 -0.829739 -0.962858 -0.829739 0 P 0
L -0.951047 -0.774621 -0.962858 -0.774621 0 P 0
L -0.700102 -0.814739 -0.700102 -0.784739 1 P 0
L -0.700102 -0.784739 -0.725102 -0.784739 1 P 0
L -0.725102 -0.784739 -0.730102 -0.789739 1 P 0
L -0.730102 -0.789739 -0.730102 -0.794739 1 P 0
L -0.730102 -0.794739 -0.725102 -0.799739 1 P 0
L -0.725102 -0.799739 -0.700102 -0.799739 1 P 0
L -0.725102 -0.799739 -0.730102 -0.804739 1 P 0
L -0.730102 -0.804739 -0.730102 -0.814739 1 P 0
L -0.770102 -0.789739 -0.765102 -0.784739 1 P 0
L -0.765102 -0.784739 -0.750102 -0.784739 1 P 0
L -0.750102 -0.784739 -0.745102 -0.789739 1 P 0
L -0.745102 -0.789739 -0.745102 -0.809739 1 P 0
L -0.745102 -0.809739 -0.750102 -0.814739 1 P 0
L -0.750102 -0.814739 -0.765102 -0.814739 1 P 0
L -0.765102 -0.814739 -0.770102 -0.809739 1 P 0
L -0.770102 -0.809739 -0.770102 -0.804739 1 P 0
L -0.770102 -0.804739 -0.765102 -0.799739 1 P 0
L -0.765102 -0.799739 -0.745102 -0.799739 1 P 0
L -0.810102 -0.804739 -0.780102 -0.804739 1 P 0
L -0.780102 -0.804739 -0.800102 -0.784739 1 P 0
L -0.800102 -0.784739 -0.800102 -0.814739 1 P 0
L 0.426906 0.327528 0.438717 0.327528 0 P 0
L 0.426906 0.27241 0.438717 0.27241 0 P 0
L 0.540055 0.223473 0.540055 0.253473 1 P 0
L 0.540055 0.253473 0.515055 0.253473 1 P 0
L 0.515055 0.253473 0.510055 0.248473 1 P 0
L 0.510055 0.248473 0.510055 0.243473 1 P 0
L 0.510055 0.243473 0.515055 0.238473 1 P 0
L 0.515055 0.238473 0.540055 0.238473 1 P 0
L 0.515055 0.238473 0.510055 0.233473 1 P 0
L 0.510055 0.233473 0.510055 0.223473 1 P 0
L 0.490055 0.238473 0.495055 0.243473 1 P 0
L 0.495055 0.243473 0.495055 0.248473 1 P 0
L 0.495055 0.248473 0.490055 0.253473 1 P 0
L 0.490055 0.253473 0.475055 0.253473 1 P 0
L 0.475055 0.253473 0.470055 0.248473 1 P 0
L 0.470055 0.248473 0.470055 0.243473 1 P 0
L 0.470055 0.243473 0.475055 0.238473 1 P 0
L 0.475055 0.238473 0.490055 0.238473 1 P 0
L 0.490055 0.238473 0.495055 0.233473 1 P 0
L 0.495055 0.233473 0.495055 0.228473 1 P 0
L 0.495055 0.228473 0.490055 0.223473 1 P 0
L 0.490055 0.223473 0.475055 0.223473 1 P 0
L 0.475055 0.223473 0.470055 0.228473 1 P 0
L 0.470055 0.228473 0.470055 0.233473 1 P 0
L 0.470055 0.233473 0.475055 0.238473 1 P 0
L 0.455055 0.248473 0.450055 0.253473 1 P 0
L 0.450055 0.253473 0.435055 0.253473 1 P 0
L 0.435055 0.253473 0.430055 0.248473 1 P 0
L 0.430055 0.248473 0.430055 0.243473 1 P 0
L 0.430055 0.243473 0.435055 0.238473 1 P 0
L 0.435055 0.238473 0.450055 0.238473 1 P 0
L 0.450055 0.238473 0.455055 0.233473 1 P 0
L 0.455055 0.233473 0.455055 0.223473 1 P 0
L 0.455055 0.223473 0.430055 0.223473 1 P 0
L 0.438717 0.433828 0.426906 0.433828 0 P 0
L 0.438717 0.488946 0.426906 0.488946 0 P 0
L 0.492811 0.496072 0.492811 0.526072 1 P 0
L 0.492811 0.526072 0.467811 0.526072 1 P 0
L 0.467811 0.526072 0.462811 0.521072 1 P 0
L 0.462811 0.521072 0.462811 0.516072 1 P 0
L 0.462811 0.516072 0.467811 0.511072 1 P 0
L 0.467811 0.511072 0.492811 0.511072 1 P 0
L 0.467811 0.511072 0.462811 0.506072 1 P 0
L 0.462811 0.506072 0.462811 0.496072 1 P 0
L 0.442811 0.511072 0.447811 0.516072 1 P 0
L 0.447811 0.516072 0.447811 0.521072 1 P 0
L 0.447811 0.521072 0.442811 0.526072 1 P 0
L 0.442811 0.526072 0.427811 0.526072 1 P 0
L 0.427811 0.526072 0.422811 0.521072 1 P 0
L 0.422811 0.521072 0.422811 0.516072 1 P 0
L 0.422811 0.516072 0.427811 0.511072 1 P 0
L 0.427811 0.511072 0.442811 0.511072 1 P 0
L 0.442811 0.511072 0.447811 0.506072 1 P 0
L 0.447811 0.506072 0.447811 0.501072 1 P 0
L 0.447811 0.501072 0.442811 0.496072 1 P 0
L 0.442811 0.496072 0.427811 0.496072 1 P 0
L 0.427811 0.496072 0.422811 0.501072 1 P 0
L 0.422811 0.501072 0.422811 0.506072 1 P 0
L 0.422811 0.506072 0.427811 0.511072 1 P 0
L 0.407811 0.521072 0.402811 0.526072 1 P 0
L 0.402811 0.526072 0.387811 0.526072 1 P 0
L 0.387811 0.526072 0.382811 0.521072 1 P 0
L 0.382811 0.521072 0.382811 0.516072 1 P 0
L 0.382811 0.516072 0.387811 0.511072 1 P 0
L 0.387811 0.511072 0.382811 0.506072 1 P 0
L 0.382811 0.506072 0.382811 0.501072 1 P 0
L 0.382811 0.501072 0.387811 0.496072 1 P 0
L 0.387811 0.496072 0.402811 0.496072 1 P 0
L 0.402811 0.496072 0.407811 0.501072 1 P 0
L 0.397811 0.511072 0.387811 0.511072 1 P 0
L 0.188717 0.593276 0.188717 0.581465 0 P 0
L 0.133598 0.593276 0.133598 0.581465 0 P 0
L 0.17289 0.919024 0.14289 0.919024 1 P 0
L 0.14289 0.919024 0.14289 0.894024 1 P 0
L 0.14289 0.894024 0.14789 0.889024 1 P 0
L 0.14789 0.889024 0.15289 0.889024 1 P 0
L 0.15289 0.889024 0.15789 0.894024 1 P 0
L 0.15789 0.894024 0.15789 0.919024 1 P 0
L 0.15789 0.894024 0.16289 0.889024 1 P 0
L 0.16289 0.889024 0.17289 0.889024 1 P 0
L 0.15789 0.869024 0.15289 0.874024 1 P 0
L 0.15289 0.874024 0.14789 0.874024 1 P 0
L 0.14789 0.874024 0.14289 0.869024 1 P 0
L 0.14289 0.869024 0.14289 0.854024 1 P 0
L 0.14289 0.854024 0.14789 0.849024 1 P 0
L 0.14789 0.849024 0.15289 0.849024 1 P 0
L 0.15289 0.849024 0.15789 0.854024 1 P 0
L 0.15789 0.854024 0.15789 0.869024 1 P 0
L 0.15789 0.869024 0.16289 0.874024 1 P 0
L 0.16289 0.874024 0.16789 0.874024 1 P 0
L 0.16789 0.874024 0.17289 0.869024 1 P 0
L 0.17289 0.869024 0.17289 0.854024 1 P 0
L 0.17289 0.854024 0.16789 0.849024 1 P 0
L 0.16789 0.849024 0.16289 0.849024 1 P 0
L 0.16289 0.849024 0.15789 0.854024 1 P 0
L 0.16289 0.809024 0.16289 0.839024 1 P 0
L 0.16289 0.839024 0.14289 0.819024 1 P 0
L 0.14289 0.819024 0.17289 0.819024 1 P 0
L -0.962858 0.189733 -0.951047 0.189733 0 P 0
L -0.962858 0.134615 -0.951047 0.134615 0 P 0
L -0.904827 0.195914 -0.904827 0.225914 1 P 0
L -0.904827 0.225914 -0.929827 0.225914 1 P 0
L -0.929827 0.225914 -0.934827 0.220914 1 P 0
L -0.934827 0.220914 -0.934827 0.215914 1 P 0
L -0.934827 0.215914 -0.929827 0.210914 1 P 0
L -0.929827 0.210914 -0.904827 0.210914 1 P 0
L -0.929827 0.210914 -0.934827 0.205914 1 P 0
L -0.934827 0.205914 -0.934827 0.195914 1 P 0
L -0.954827 0.210914 -0.949827 0.215914 1 P 0
L -0.949827 0.215914 -0.949827 0.220914 1 P 0
L -0.949827 0.220914 -0.954827 0.225914 1 P 0
L -0.954827 0.225914 -0.969827 0.225914 1 P 0
L -0.969827 0.225914 -0.974827 0.220914 1 P 0
L -0.974827 0.220914 -0.974827 0.215914 1 P 0
L -0.974827 0.215914 -0.969827 0.210914 1 P 0
L -0.969827 0.210914 -0.954827 0.210914 1 P 0
L -0.954827 0.210914 -0.949827 0.205914 1 P 0
L -0.949827 0.205914 -0.949827 0.200914 1 P 0
L -0.949827 0.200914 -0.954827 0.195914 1 P 0
L -0.954827 0.195914 -0.969827 0.195914 1 P 0
L -0.969827 0.195914 -0.974827 0.200914 1 P 0
L -0.974827 0.200914 -0.974827 0.205914 1 P 0
L -0.974827 0.205914 -0.969827 0.210914 1 P 0
L -1.014827 0.225914 -0.989827 0.225914 1 P 0
L -0.989827 0.225914 -0.989827 0.215914 1 P 0
L -0.989827 0.215914 -1.009827 0.215914 1 P 0
L -1.009827 0.215914 -1.014827 0.210914 1 P 0
L -1.014827 0.210914 -1.014827 0.200914 1 P 0
L -1.014827 0.200914 -1.009827 0.195914 1 P 0
L -1.009827 0.195914 -0.994827 0.195914 1 P 0
L -0.994827 0.195914 -0.989827 0.200914 1 P 0
L -0.962858 0.394457 -0.951047 0.394457 0 P 0
L -0.962858 0.339339 -0.951047 0.339339 0 P 0
L -0.896953 0.396702 -0.896953 0.426702 1 P 0
L -0.896953 0.426702 -0.921953 0.426702 1 P 0
L -0.921953 0.426702 -0.926953 0.421702 1 P 0
L -0.926953 0.421702 -0.926953 0.416702 1 P 0
L -0.926953 0.416702 -0.921953 0.411702 1 P 0
L -0.921953 0.411702 -0.896953 0.411702 1 P 0
L -0.921953 0.411702 -0.926953 0.406702 1 P 0
L -0.926953 0.406702 -0.926953 0.396702 1 P 0
L -0.946953 0.411702 -0.941953 0.416702 1 P 0
L -0.941953 0.416702 -0.941953 0.421702 1 P 0
L -0.941953 0.421702 -0.946953 0.426702 1 P 0
L -0.946953 0.426702 -0.961953 0.426702 1 P 0
L -0.961953 0.426702 -0.966953 0.421702 1 P 0
L -0.966953 0.421702 -0.966953 0.416702 1 P 0
L -0.966953 0.416702 -0.961953 0.411702 1 P 0
L -0.961953 0.411702 -0.946953 0.411702 1 P 0
L -0.946953 0.411702 -0.941953 0.406702 1 P 0
L -0.941953 0.406702 -0.941953 0.401702 1 P 0
L -0.941953 0.401702 -0.946953 0.396702 1 P 0
L -0.946953 0.396702 -0.961953 0.396702 1 P 0
L -0.961953 0.396702 -0.966953 0.401702 1 P 0
L -0.966953 0.401702 -0.966953 0.406702 1 P 0
L -0.966953 0.406702 -0.961953 0.411702 1 P 0
L -1.006953 0.421702 -1.001953 0.426702 1 P 0
L -1.001953 0.426702 -0.986953 0.426702 1 P 0
L -0.986953 0.426702 -0.981953 0.421702 1 P 0
L -0.981953 0.421702 -0.981953 0.401702 1 P 0
L -0.981953 0.401702 -0.986953 0.396702 1 P 0
L -0.986953 0.396702 -1.001953 0.396702 1 P 0
L -1.001953 0.396702 -1.006953 0.401702 1 P 0
L -1.006953 0.401702 -1.006953 0.406702 1 P 0
L -1.006953 0.406702 -1.001953 0.411702 1 P 0
L -1.001953 0.411702 -0.981953 0.411702 1 P 0
L -0.962858 0.591308 -0.951047 0.591308 0 P 0
L -0.962858 0.53619 -0.951047 0.53619 0 P 0
L -0.904827 0.601426 -0.904827 0.631426 1 P 0
L -0.904827 0.631426 -0.929827 0.631426 1 P 0
L -0.929827 0.631426 -0.934827 0.626426 1 P 0
L -0.934827 0.626426 -0.934827 0.621426 1 P 0
L -0.934827 0.621426 -0.929827 0.616426 1 P 0
L -0.929827 0.616426 -0.904827 0.616426 1 P 0
L -0.929827 0.616426 -0.934827 0.611426 1 P 0
L -0.934827 0.611426 -0.934827 0.601426 1 P 0
L -0.954827 0.616426 -0.949827 0.621426 1 P 0
L -0.949827 0.621426 -0.949827 0.626426 1 P 0
L -0.949827 0.626426 -0.954827 0.631426 1 P 0
L -0.954827 0.631426 -0.969827 0.631426 1 P 0
L -0.969827 0.631426 -0.974827 0.626426 1 P 0
L -0.974827 0.626426 -0.974827 0.621426 1 P 0
L -0.974827 0.621426 -0.969827 0.616426 1 P 0
L -0.969827 0.616426 -0.954827 0.616426 1 P 0
L -0.954827 0.616426 -0.949827 0.611426 1 P 0
L -0.949827 0.611426 -0.949827 0.606426 1 P 0
L -0.949827 0.606426 -0.954827 0.601426 1 P 0
L -0.954827 0.601426 -0.969827 0.601426 1 P 0
L -0.969827 0.601426 -0.974827 0.606426 1 P 0
L -0.974827 0.606426 -0.974827 0.611426 1 P 0
L -0.974827 0.611426 -0.969827 0.616426 1 P 0
L -0.989827 0.631426 -1.014827 0.631426 1 P 0
L -1.014827 0.631426 -1.014827 0.626426 1 P 0
L -1.014827 0.626426 -0.989827 0.601426 1 P 0
L -1.002228 0.796032 -0.990417 0.796032 0 P 0
L -1.002228 0.740914 -0.990417 0.740914 0 P 0
L -0.798528 0.758906 -0.798528 0.788906 1 P 0
L -0.798528 0.788906 -0.823528 0.788906 1 P 0
L -0.823528 0.788906 -0.828528 0.783906 1 P 0
L -0.828528 0.783906 -0.828528 0.778906 1 P 0
L -0.828528 0.778906 -0.823528 0.773906 1 P 0
L -0.823528 0.773906 -0.798528 0.773906 1 P 0
L -0.823528 0.773906 -0.828528 0.768906 1 P 0
L -0.828528 0.768906 -0.828528 0.758906 1 P 0
L -0.848528 0.773906 -0.843528 0.778906 1 P 0
L -0.843528 0.778906 -0.843528 0.783906 1 P 0
L -0.843528 0.783906 -0.848528 0.788906 1 P 0
L -0.848528 0.788906 -0.863528 0.788906 1 P 0
L -0.863528 0.788906 -0.868528 0.783906 1 P 0
L -0.868528 0.783906 -0.868528 0.778906 1 P 0
L -0.868528 0.778906 -0.863528 0.773906 1 P 0
L -0.863528 0.773906 -0.848528 0.773906 1 P 0
L -0.848528 0.773906 -0.843528 0.768906 1 P 0
L -0.843528 0.768906 -0.843528 0.763906 1 P 0
L -0.843528 0.763906 -0.848528 0.758906 1 P 0
L -0.848528 0.758906 -0.863528 0.758906 1 P 0
L -0.863528 0.758906 -0.868528 0.763906 1 P 0
L -0.868528 0.763906 -0.868528 0.768906 1 P 0
L -0.868528 0.768906 -0.863528 0.773906 1 P 0
L -0.888528 0.773906 -0.883528 0.778906 1 P 0
L -0.883528 0.778906 -0.883528 0.783906 1 P 0
L -0.883528 0.783906 -0.888528 0.788906 1 P 0
L -0.888528 0.788906 -0.903528 0.788906 1 P 0
L -0.903528 0.788906 -0.908528 0.783906 1 P 0
L -0.908528 0.783906 -0.908528 0.778906 1 P 0
L -0.908528 0.778906 -0.903528 0.773906 1 P 0
L -0.903528 0.773906 -0.888528 0.773906 1 P 0
L -0.888528 0.773906 -0.883528 0.768906 1 P 0
L -0.883528 0.768906 -0.883528 0.763906 1 P 0
L -0.883528 0.763906 -0.888528 0.758906 1 P 0
L -0.888528 0.758906 -0.903528 0.758906 1 P 0
L -0.903528 0.758906 -0.908528 0.763906 1 P 0
L -0.908528 0.763906 -0.908528 0.768906 1 P 0
L -0.908528 0.768906 -0.903528 0.773906 1 P 0
L -1.431362 0.618867 -1.443173 0.618867 0 P 0
L -1.431362 0.673985 -1.443173 0.673985 0 P 0
L -1.522937 0.633867 -1.522937 0.663867 1 P 0
L -1.522937 0.663867 -1.547937 0.663867 1 P 0
L -1.547937 0.663867 -1.552937 0.658867 1 P 0
L -1.552937 0.658867 -1.552937 0.653867 1 P 0
L -1.552937 0.653867 -1.547937 0.648867 1 P 0
L -1.547937 0.648867 -1.522937 0.648867 1 P 0
L -1.547937 0.648867 -1.552937 0.643867 1 P 0
L -1.552937 0.643867 -1.552937 0.633867 1 P 0
L -1.572937 0.648867 -1.567937 0.653867 1 P 0
L -1.567937 0.653867 -1.567937 0.658867 1 P 0
L -1.567937 0.658867 -1.572937 0.663867 1 P 0
L -1.572937 0.663867 -1.587937 0.663867 1 P 0
L -1.587937 0.663867 -1.592937 0.658867 1 P 0
L -1.592937 0.658867 -1.592937 0.653867 1 P 0
L -1.592937 0.653867 -1.587937 0.648867 1 P 0
L -1.587937 0.648867 -1.572937 0.648867 1 P 0
L -1.572937 0.648867 -1.567937 0.643867 1 P 0
L -1.567937 0.643867 -1.567937 0.638867 1 P 0
L -1.567937 0.638867 -1.572937 0.633867 1 P 0
L -1.572937 0.633867 -1.587937 0.633867 1 P 0
L -1.587937 0.633867 -1.592937 0.638867 1 P 0
L -1.592937 0.638867 -1.592937 0.643867 1 P 0
L -1.592937 0.643867 -1.587937 0.648867 1 P 0
L -1.632937 0.653867 -1.627937 0.648867 1 P 0
L -1.627937 0.648867 -1.612937 0.648867 1 P 0
L -1.612937 0.648867 -1.607937 0.653867 1 P 0
L -1.607937 0.653867 -1.607937 0.658867 1 P 0
L -1.607937 0.658867 -1.612937 0.663867 1 P 0
L -1.612937 0.663867 -1.627937 0.663867 1 P 0
L -1.627937 0.663867 -1.632937 0.658867 1 P 0
L -1.632937 0.658867 -1.632937 0.638867 1 P 0
L -1.632937 0.638867 -1.627937 0.633867 1 P 0
L -1.627937 0.633867 -1.612937 0.633867 1 P 0
L -0.336874 0.563749 -0.325063 0.563749 0 P 0
L -0.336874 0.508631 -0.325063 0.508631 0 P 0
L -0.139079 0.520717 -0.139079 0.550717 1 P 0
L -0.139079 0.550717 -0.164079 0.550717 1 P 0
L -0.164079 0.550717 -0.169079 0.545717 1 P 0
L -0.169079 0.545717 -0.169079 0.540717 1 P 0
L -0.169079 0.540717 -0.164079 0.535717 1 P 0
L -0.164079 0.535717 -0.139079 0.535717 1 P 0
L -0.164079 0.535717 -0.169079 0.530717 1 P 0
L -0.169079 0.530717 -0.169079 0.520717 1 P 0
L -0.209079 0.540717 -0.204079 0.535717 1 P 0
L -0.204079 0.535717 -0.189079 0.535717 1 P 0
L -0.189079 0.535717 -0.184079 0.540717 1 P 0
L -0.184079 0.540717 -0.184079 0.545717 1 P 0
L -0.184079 0.545717 -0.189079 0.550717 1 P 0
L -0.189079 0.550717 -0.204079 0.550717 1 P 0
L -0.204079 0.550717 -0.209079 0.545717 1 P 0
L -0.209079 0.545717 -0.209079 0.525717 1 P 0
L -0.209079 0.525717 -0.204079 0.520717 1 P 0
L -0.204079 0.520717 -0.189079 0.520717 1 P 0
L -0.219079 0.525717 -0.219079 0.545717 1 P 0
L -0.219079 0.545717 -0.224079 0.550717 1 P 0
L -0.224079 0.550717 -0.244079 0.550717 1 P 0
L -0.244079 0.550717 -0.249079 0.545717 1 P 0
L -0.249079 0.545717 -0.249079 0.525717 1 P 0
L -0.249079 0.525717 -0.244079 0.520717 1 P 0
L -0.244079 0.520717 -0.224079 0.520717 1 P 0
L -0.224079 0.520717 -0.219079 0.525717 1 P 0
L -0.219079 0.520717 -0.249079 0.550717 1 P 0
L -1.454984 0.288158 -1.443173 0.288158 0 P 0
L -1.454984 0.23304 -1.443173 0.23304 0 P 0
L -1.365457 0.172292 -1.365457 0.202292 1 P 0
L -1.365457 0.202292 -1.390457 0.202292 1 P 0
L -1.390457 0.202292 -1.395457 0.197292 1 P 0
L -1.395457 0.197292 -1.395457 0.192292 1 P 0
L -1.395457 0.192292 -1.390457 0.187292 1 P 0
L -1.390457 0.187292 -1.365457 0.187292 1 P 0
L -1.390457 0.187292 -1.395457 0.182292 1 P 0
L -1.395457 0.182292 -1.395457 0.172292 1 P 0
L -1.435457 0.192292 -1.430457 0.187292 1 P 0
L -1.430457 0.187292 -1.415457 0.187292 1 P 0
L -1.415457 0.187292 -1.410457 0.192292 1 P 0
L -1.410457 0.192292 -1.410457 0.197292 1 P 0
L -1.410457 0.197292 -1.415457 0.202292 1 P 0
L -1.415457 0.202292 -1.430457 0.202292 1 P 0
L -1.430457 0.202292 -1.435457 0.197292 1 P 0
L -1.435457 0.197292 -1.435457 0.177292 1 P 0
L -1.435457 0.177292 -1.430457 0.172292 1 P 0
L -1.430457 0.172292 -1.415457 0.172292 1 P 0
L -1.450457 0.197292 -1.455457 0.202292 1 P 0
L -1.455457 0.202292 -1.470457 0.202292 1 P 0
L -1.470457 0.202292 -1.475457 0.197292 1 P 0
L -1.475457 0.197292 -1.475457 0.192292 1 P 0
L -1.475457 0.192292 -1.470457 0.187292 1 P 0
L -1.470457 0.187292 -1.475457 0.182292 1 P 0
L -1.475457 0.182292 -1.475457 0.177292 1 P 0
L -1.475457 0.177292 -1.470457 0.172292 1 P 0
L -1.470457 0.172292 -1.455457 0.172292 1 P 0
L -1.455457 0.172292 -1.450457 0.177292 1 P 0
L -1.460457 0.187292 -1.470457 0.187292 1 P 0
L 0.426906 0.406269 0.438717 0.406269 0 P 0
L 0.426906 0.35115 0.438717 0.35115 0 P 0
L 0.658165 0.424261 0.658165 0.454261 1 P 0
L 0.658165 0.454261 0.633165 0.454261 1 P 0
L 0.633165 0.454261 0.628165 0.449261 1 P 0
L 0.628165 0.449261 0.628165 0.444261 1 P 0
L 0.628165 0.444261 0.633165 0.439261 1 P 0
L 0.633165 0.439261 0.658165 0.439261 1 P 0
L 0.633165 0.439261 0.628165 0.434261 1 P 0
L 0.628165 0.434261 0.628165 0.424261 1 P 0
L 0.588165 0.444261 0.593165 0.439261 1 P 0
L 0.593165 0.439261 0.608165 0.439261 1 P 0
L 0.608165 0.439261 0.613165 0.444261 1 P 0
L 0.613165 0.444261 0.613165 0.449261 1 P 0
L 0.613165 0.449261 0.608165 0.454261 1 P 0
L 0.608165 0.454261 0.593165 0.454261 1 P 0
L 0.593165 0.454261 0.588165 0.449261 1 P 0
L 0.588165 0.449261 0.588165 0.429261 1 P 0
L 0.588165 0.429261 0.593165 0.424261 1 P 0
L 0.593165 0.424261 0.608165 0.424261 1 P 0
L 0.548165 0.434261 0.578165 0.434261 1 P 0
L 0.578165 0.434261 0.558165 0.454261 1 P 0
L 0.558165 0.454261 0.558165 0.424261 1 P 0
L 0.212339 0.581465 0.212339 0.593276 0 P 0
L 0.267457 0.581465 0.267457 0.593276 0 P 0
L 0.26915 0.930835 0.23915 0.930835 1 P 0
L 0.23915 0.930835 0.23915 0.905835 1 P 0
L 0.23915 0.905835 0.24415 0.900835 1 P 0
L 0.24415 0.900835 0.24915 0.900835 1 P 0
L 0.24915 0.900835 0.25415 0.905835 1 P 0
L 0.25415 0.905835 0.25415 0.930835 1 P 0
L 0.25415 0.905835 0.25915 0.900835 1 P 0
L 0.25915 0.900835 0.26915 0.900835 1 P 0
L 0.24915 0.860835 0.25415 0.865835 1 P 0
L 0.25415 0.865835 0.25415 0.880835 1 P 0
L 0.25415 0.880835 0.24915 0.885835 1 P 0
L 0.24915 0.885835 0.24415 0.885835 1 P 0
L 0.24415 0.885835 0.23915 0.880835 1 P 0
L 0.23915 0.880835 0.23915 0.865835 1 P 0
L 0.23915 0.865835 0.24415 0.860835 1 P 0
L 0.24415 0.860835 0.26415 0.860835 1 P 0
L 0.26415 0.860835 0.26915 0.865835 1 P 0
L 0.26915 0.865835 0.26915 0.880835 1 P 0
L 0.23915 0.820835 0.23915 0.845835 1 P 0
L 0.23915 0.845835 0.24915 0.845835 1 P 0
L 0.24915 0.845835 0.24915 0.825835 1 P 0
L 0.24915 0.825835 0.25415 0.820835 1 P 0
L 0.25415 0.820835 0.26415 0.820835 1 P 0
L 0.26415 0.820835 0.26915 0.825835 1 P 0
L 0.26915 0.825835 0.26915 0.840835 1 P 0
L 0.26915 0.840835 0.26415 0.845835 1 P 0
L 0.054858 0.581465 0.054858 0.593276 0 P 0
L 0.109976 0.581465 0.109976 0.593276 0 P 0
L 0.072299 0.773355 0.042299 0.773355 1 P 0
L 0.042299 0.773355 0.042299 0.748355 1 P 0
L 0.042299 0.748355 0.047299 0.743355 1 P 0
L 0.047299 0.743355 0.052299 0.743355 1 P 0
L 0.052299 0.743355 0.057299 0.748355 1 P 0
L 0.057299 0.748355 0.057299 0.773355 1 P 0
L 0.057299 0.748355 0.062299 0.743355 1 P 0
L 0.062299 0.743355 0.072299 0.743355 1 P 0
L 0.052299 0.703355 0.057299 0.708355 1 P 0
L 0.057299 0.708355 0.057299 0.723355 1 P 0
L 0.057299 0.723355 0.052299 0.728355 1 P 0
L 0.052299 0.728355 0.047299 0.728355 1 P 0
L 0.047299 0.728355 0.042299 0.723355 1 P 0
L 0.042299 0.723355 0.042299 0.708355 1 P 0
L 0.042299 0.708355 0.047299 0.703355 1 P 0
L 0.047299 0.703355 0.067299 0.703355 1 P 0
L 0.067299 0.703355 0.072299 0.708355 1 P 0
L 0.072299 0.708355 0.072299 0.723355 1 P 0
L 0.047299 0.663355 0.042299 0.668355 1 P 0
L 0.042299 0.668355 0.042299 0.683355 1 P 0
L 0.042299 0.683355 0.047299 0.688355 1 P 0
L 0.047299 0.688355 0.067299 0.688355 1 P 0
L 0.067299 0.688355 0.072299 0.683355 1 P 0
L 0.072299 0.683355 0.072299 0.668355 1 P 0
L 0.072299 0.668355 0.067299 0.663355 1 P 0
L 0.067299 0.663355 0.062299 0.663355 1 P 0
L 0.062299 0.663355 0.057299 0.668355 1 P 0
L 0.057299 0.668355 0.057299 0.688355 1 P 0
L -0.951047 0.437765 -0.962858 0.437765 0 P 0
L -0.951047 0.492883 -0.962858 0.492883 0 P 0
L -0.895087 0.494 -0.895087 0.524 1 P 0
L -0.895087 0.524 -0.920087 0.524 1 P 0
L -0.920087 0.524 -0.925087 0.519 1 P 0
L -0.925087 0.519 -0.925087 0.514 1 P 0
L -0.925087 0.514 -0.920087 0.509 1 P 0
L -0.920087 0.509 -0.895087 0.509 1 P 0
L -0.920087 0.509 -0.925087 0.504 1 P 0
L -0.925087 0.504 -0.925087 0.494 1 P 0
L -0.965087 0.514 -0.960087 0.509 1 P 0
L -0.960087 0.509 -0.945087 0.509 1 P 0
L -0.945087 0.509 -0.940087 0.514 1 P 0
L -0.940087 0.514 -0.940087 0.519 1 P 0
L -0.940087 0.519 -0.945087 0.524 1 P 0
L -0.945087 0.524 -0.960087 0.524 1 P 0
L -0.960087 0.524 -0.965087 0.519 1 P 0
L -0.965087 0.519 -0.965087 0.499 1 P 0
L -0.965087 0.499 -0.960087 0.494 1 P 0
L -0.960087 0.494 -0.945087 0.494 1 P 0
L -0.985087 0.509 -0.980087 0.514 1 P 0
L -0.980087 0.514 -0.980087 0.519 1 P 0
L -0.980087 0.519 -0.985087 0.524 1 P 0
L -0.985087 0.524 -1.000087 0.524 1 P 0
L -1.000087 0.524 -1.005087 0.519 1 P 0
L -1.005087 0.519 -1.005087 0.514 1 P 0
L -1.005087 0.514 -1.000087 0.509 1 P 0
L -1.000087 0.509 -0.985087 0.509 1 P 0
L -0.985087 0.509 -0.980087 0.504 1 P 0
L -0.980087 0.504 -0.980087 0.499 1 P 0
L -0.980087 0.499 -0.985087 0.494 1 P 0
L -0.985087 0.494 -1.000087 0.494 1 P 0
L -1.000087 0.494 -1.005087 0.499 1 P 0
L -1.005087 0.499 -1.005087 0.504 1 P 0
L -1.005087 0.504 -1.000087 0.509 1 P 0
L -0.951047 0.634615 -0.962858 0.634615 0 P 0
L -0.951047 0.689733 -0.962858 0.689733 0 P 0
L -0.896953 0.700796 -0.896953 0.730796 1 P 0
L -0.896953 0.730796 -0.921953 0.730796 1 P 0
L -0.921953 0.730796 -0.926953 0.725796 1 P 0
L -0.926953 0.725796 -0.926953 0.720796 1 P 0
L -0.926953 0.720796 -0.921953 0.715796 1 P 0
L -0.921953 0.715796 -0.896953 0.715796 1 P 0
L -0.921953 0.715796 -0.926953 0.710796 1 P 0
L -0.926953 0.710796 -0.926953 0.700796 1 P 0
L -0.966953 0.720796 -0.961953 0.715796 1 P 0
L -0.961953 0.715796 -0.946953 0.715796 1 P 0
L -0.946953 0.715796 -0.941953 0.720796 1 P 0
L -0.941953 0.720796 -0.941953 0.725796 1 P 0
L -0.941953 0.725796 -0.946953 0.730796 1 P 0
L -0.946953 0.730796 -0.961953 0.730796 1 P 0
L -0.961953 0.730796 -0.966953 0.725796 1 P 0
L -0.966953 0.725796 -0.966953 0.705796 1 P 0
L -0.966953 0.705796 -0.961953 0.700796 1 P 0
L -0.961953 0.700796 -0.946953 0.700796 1 P 0
L -1.006953 0.720796 -1.001953 0.715796 1 P 0
L -1.001953 0.715796 -0.986953 0.715796 1 P 0
L -0.986953 0.715796 -0.981953 0.720796 1 P 0
L -0.981953 0.720796 -0.981953 0.725796 1 P 0
L -0.981953 0.725796 -0.986953 0.730796 1 P 0
L -0.986953 0.730796 -1.001953 0.730796 1 P 0
L -1.001953 0.730796 -1.006953 0.725796 1 P 0
L -1.006953 0.725796 -1.006953 0.705796 1 P 0
L -1.006953 0.705796 -1.001953 0.700796 1 P 0
L -1.001953 0.700796 -0.986953 0.700796 1 P 0
L -0.996323 0.9043 -0.996323 0.892489 0 P 0
L -1.051441 0.9043 -1.051441 0.892489 0 P 0
L -0.924709 0.990206 -0.954709 0.990206 1 P 0
L -0.954709 0.990206 -0.954709 0.965206 1 P 0
L -0.954709 0.965206 -0.949709 0.960206 1 P 0
L -0.949709 0.960206 -0.944709 0.960206 1 P 0
L -0.944709 0.960206 -0.939709 0.965206 1 P 0
L -0.939709 0.965206 -0.939709 0.990206 1 P 0
L -0.939709 0.965206 -0.934709 0.960206 1 P 0
L -0.934709 0.960206 -0.924709 0.960206 1 P 0
L -0.944709 0.940206 -0.954709 0.930206 1 P 0
L -0.954709 0.930206 -0.924709 0.930206 1 P 0
L -0.929709 0.910206 -0.949709 0.910206 1 P 0
L -0.949709 0.910206 -0.954709 0.905206 1 P 0
L -0.954709 0.905206 -0.954709 0.885206 1 P 0
L -0.954709 0.885206 -0.949709 0.880206 1 P 0
L -0.949709 0.880206 -0.929709 0.880206 1 P 0
L -0.929709 0.880206 -0.924709 0.885206 1 P 0
L -0.924709 0.885206 -0.924709 0.905206 1 P 0
L -0.924709 0.905206 -0.929709 0.910206 1 P 0
L -0.924709 0.910206 -0.954709 0.880206 1 P 0
L -0.929709 0.870206 -0.949709 0.870206 1 P 0
L -0.949709 0.870206 -0.954709 0.865206 1 P 0
L -0.954709 0.865206 -0.954709 0.845206 1 P 0
L -0.954709 0.845206 -0.949709 0.840206 1 P 0
L -0.949709 0.840206 -0.929709 0.840206 1 P 0
L -0.929709 0.840206 -0.924709 0.845206 1 P 0
L -0.924709 0.845206 -0.924709 0.865206 1 P 0
L -0.924709 0.865206 -0.929709 0.870206 1 P 0
L -0.924709 0.870206 -0.954709 0.840206 1 P 0
L -1.439236 0.485009 -1.427425 0.485009 0 P 0
L -1.439236 0.429891 -1.427425 0.429891 0 P 0
L -1.528921 0.440009 -1.528921 0.470009 1 P 0
L -1.528921 0.470009 -1.553921 0.470009 1 P 0
L -1.553921 0.470009 -1.558921 0.465009 1 P 0
L -1.558921 0.465009 -1.558921 0.460009 1 P 0
L -1.558921 0.460009 -1.553921 0.455009 1 P 0
L -1.553921 0.455009 -1.528921 0.455009 1 P 0
L -1.553921 0.455009 -1.558921 0.450009 1 P 0
L -1.558921 0.450009 -1.558921 0.440009 1 P 0
L -1.578921 0.460009 -1.588921 0.470009 1 P 0
L -1.588921 0.470009 -1.588921 0.440009 1 P 0
L -1.608921 0.445009 -1.608921 0.465009 1 P 0
L -1.608921 0.465009 -1.613921 0.470009 1 P 0
L -1.613921 0.470009 -1.633921 0.470009 1 P 0
L -1.633921 0.470009 -1.638921 0.465009 1 P 0
L -1.638921 0.465009 -1.638921 0.445009 1 P 0
L -1.638921 0.445009 -1.633921 0.440009 1 P 0
L -1.633921 0.440009 -1.613921 0.440009 1 P 0
L -1.613921 0.440009 -1.608921 0.445009 1 P 0
L -1.608921 0.440009 -1.638921 0.470009 1 P 0
L -1.658921 0.460009 -1.668921 0.470009 1 P 0
L -1.668921 0.470009 -1.668921 0.440009 1 P 0
L -0.325063 0.437765 -0.336874 0.437765 0 P 0
L -0.325063 0.492883 -0.336874 0.492883 0 P 0
L -0.393528 0.460639 -0.393528 0.490639 1 P 0
L -0.393528 0.490639 -0.418528 0.490639 1 P 0
L -0.418528 0.490639 -0.423528 0.485639 1 P 0
L -0.423528 0.485639 -0.423528 0.480639 1 P 0
L -0.423528 0.480639 -0.418528 0.475639 1 P 0
L -0.418528 0.475639 -0.393528 0.475639 1 P 0
L -0.418528 0.475639 -0.423528 0.470639 1 P 0
L -0.423528 0.470639 -0.423528 0.460639 1 P 0
L -0.443528 0.480639 -0.453528 0.490639 1 P 0
L -0.453528 0.490639 -0.453528 0.460639 1 P 0
L -0.473528 0.465639 -0.473528 0.485639 1 P 0
L -0.473528 0.485639 -0.478528 0.490639 1 P 0
L -0.478528 0.490639 -0.498528 0.490639 1 P 0
L -0.498528 0.490639 -0.503528 0.485639 1 P 0
L -0.503528 0.485639 -0.503528 0.465639 1 P 0
L -0.503528 0.465639 -0.498528 0.460639 1 P 0
L -0.498528 0.460639 -0.478528 0.460639 1 P 0
L -0.478528 0.460639 -0.473528 0.465639 1 P 0
L -0.473528 0.460639 -0.503528 0.490639 1 P 0
L -0.518528 0.485639 -0.523528 0.490639 1 P 0
L -0.523528 0.490639 -0.538528 0.490639 1 P 0
L -0.538528 0.490639 -0.543528 0.485639 1 P 0
L -0.543528 0.485639 -0.543528 0.480639 1 P 0
L -0.543528 0.480639 -0.538528 0.475639 1 P 0
L -0.538528 0.475639 -0.523528 0.475639 1 P 0
L -0.523528 0.475639 -0.518528 0.470639 1 P 0
L -0.518528 0.470639 -0.518528 0.460639 1 P 0
L -0.518528 0.460639 -0.543528 0.460639 1 P 0
L -0.962858 0.091308 -0.951047 0.091308 0 P 0
L -0.962858 0.03619 -0.951047 0.03619 0 P 0
L -0.884827 0.093552 -0.884827 0.123552 1 P 0
L -0.884827 0.123552 -0.909827 0.123552 1 P 0
L -0.909827 0.123552 -0.914827 0.118552 1 P 0
L -0.914827 0.118552 -0.914827 0.113552 1 P 0
L -0.914827 0.113552 -0.909827 0.108552 1 P 0
L -0.909827 0.108552 -0.884827 0.108552 1 P 0
L -0.909827 0.108552 -0.914827 0.103552 1 P 0
L -0.914827 0.103552 -0.914827 0.093552 1 P 0
L -0.934827 0.113552 -0.944827 0.123552 1 P 0
L -0.944827 0.123552 -0.944827 0.093552 1 P 0
L -0.964827 0.098552 -0.964827 0.118552 1 P 0
L -0.964827 0.118552 -0.969827 0.123552 1 P 0
L -0.969827 0.123552 -0.989827 0.123552 1 P 0
L -0.989827 0.123552 -0.994827 0.118552 1 P 0
L -0.994827 0.118552 -0.994827 0.098552 1 P 0
L -0.994827 0.098552 -0.989827 0.093552 1 P 0
L -0.989827 0.093552 -0.969827 0.093552 1 P 0
L -0.969827 0.093552 -0.964827 0.098552 1 P 0
L -0.964827 0.093552 -0.994827 0.123552 1 P 0
L -1.014827 0.108552 -1.009827 0.113552 1 P 0
L -1.009827 0.113552 -1.009827 0.118552 1 P 0
L -1.009827 0.118552 -1.014827 0.123552 1 P 0
L -1.014827 0.123552 -1.029827 0.123552 1 P 0
L -1.029827 0.123552 -1.034827 0.118552 1 P 0
L -1.034827 0.118552 -1.034827 0.113552 1 P 0
L -1.034827 0.113552 -1.029827 0.108552 1 P 0
L -1.029827 0.108552 -1.014827 0.108552 1 P 0
L -1.014827 0.108552 -1.009827 0.103552 1 P 0
L -1.009827 0.103552 -1.009827 0.098552 1 P 0
L -1.009827 0.098552 -1.014827 0.093552 1 P 0
L -1.014827 0.093552 -1.029827 0.093552 1 P 0
L -1.029827 0.093552 -1.034827 0.098552 1 P 0
L -1.034827 0.098552 -1.034827 0.103552 1 P 0
L -1.034827 0.103552 -1.029827 0.108552 1 P 0
L -0.962858 -0.011054 -0.951047 -0.011054 0 P 0
L -0.962858 -0.066172 -0.951047 -0.066172 0 P 0
L -0.88089 -0.004873 -0.88089 0.025127 1 P 0
L -0.88089 0.025127 -0.90589 0.025127 1 P 0
L -0.90589 0.025127 -0.91089 0.020127 1 P 0
L -0.91089 0.020127 -0.91089 0.015127 1 P 0
L -0.91089 0.015127 -0.90589 0.010127 1 P 0
L -0.90589 0.010127 -0.88089 0.010127 1 P 0
L -0.90589 0.010127 -0.91089 0.005127 1 P 0
L -0.91089 0.005127 -0.91089 -0.004873 1 P 0
L -0.93089 0.015127 -0.94089 0.025127 1 P 0
L -0.94089 0.025127 -0.94089 -0.004873 1 P 0
L -0.96089 0.000127 -0.96089 0.020127 1 P 0
L -0.96089 0.020127 -0.96589 0.025127 1 P 0
L -0.96589 0.025127 -0.98589 0.025127 1 P 0
L -0.98589 0.025127 -0.99089 0.020127 1 P 0
L -0.99089 0.020127 -0.99089 0.000127 1 P 0
L -0.99089 0.000127 -0.98589 -0.004873 1 P 0
L -0.98589 -0.004873 -0.96589 -0.004873 1 P 0
L -0.96589 -0.004873 -0.96089 0.000127 1 P 0
L -0.96089 -0.004873 -0.99089 0.025127 1 P 0
L -1.03089 0.015127 -1.02589 0.010127 1 P 0
L -1.02589 0.010127 -1.01089 0.010127 1 P 0
L -1.01089 0.010127 -1.00589 0.015127 1 P 0
L -1.00589 0.015127 -1.00589 0.020127 1 P 0
L -1.00589 0.020127 -1.01089 0.025127 1 P 0
L -1.01089 0.025127 -1.02589 0.025127 1 P 0
L -1.02589 0.025127 -1.03089 0.020127 1 P 0
L -1.03089 0.020127 -1.03089 0.000127 1 P 0
L -1.03089 0.000127 -1.02589 -0.004873 1 P 0
L -1.02589 -0.004873 -1.01089 -0.004873 1 P 0
L -0.962858 -0.10948 -0.951047 -0.10948 0 P 0
L -0.962858 -0.164598 -0.951047 -0.164598 0 P 0
L -0.88089 -0.103298 -0.88089 -0.073298 1 P 0
L -0.88089 -0.073298 -0.90589 -0.073298 1 P 0
L -0.90589 -0.073298 -0.91089 -0.078298 1 P 0
L -0.91089 -0.078298 -0.91089 -0.083298 1 P 0
L -0.91089 -0.083298 -0.90589 -0.088298 1 P 0
L -0.90589 -0.088298 -0.88089 -0.088298 1 P 0
L -0.90589 -0.088298 -0.91089 -0.093298 1 P 0
L -0.91089 -0.093298 -0.91089 -0.103298 1 P 0
L -0.93089 -0.083298 -0.94089 -0.073298 1 P 0
L -0.94089 -0.073298 -0.94089 -0.103298 1 P 0
L -0.97089 -0.083298 -0.98089 -0.073298 1 P 0
L -0.98089 -0.073298 -0.98089 -0.103298 1 P 0
L -1.00089 -0.098298 -1.00089 -0.078298 1 P 0
L -1.00089 -0.078298 -1.00589 -0.073298 1 P 0
L -1.00589 -0.073298 -1.02589 -0.073298 1 P 0
L -1.02589 -0.073298 -1.03089 -0.078298 1 P 0
L -1.03089 -0.078298 -1.03089 -0.098298 1 P 0
L -1.03089 -0.098298 -1.02589 -0.103298 1 P 0
L -1.02589 -0.103298 -1.00589 -0.103298 1 P 0
L -1.00589 -0.103298 -1.00089 -0.098298 1 P 0
L -1.00089 -0.103298 -1.03089 -0.073298 1 P 0
L -0.962858 -0.310267 -0.951047 -0.310267 0 P 0
L -0.962858 -0.365385 -0.951047 -0.365385 0 P 0
L -0.699787 -0.355267 -0.699787 -0.325267 1 P 0
L -0.699787 -0.325267 -0.724787 -0.325267 1 P 0
L -0.724787 -0.325267 -0.729787 -0.330267 1 P 0
L -0.729787 -0.330267 -0.729787 -0.335267 1 P 0
L -0.729787 -0.335267 -0.724787 -0.340267 1 P 0
L -0.724787 -0.340267 -0.699787 -0.340267 1 P 0
L -0.724787 -0.340267 -0.729787 -0.345267 1 P 0
L -0.729787 -0.345267 -0.729787 -0.355267 1 P 0
L -0.749787 -0.335267 -0.759787 -0.325267 1 P 0
L -0.759787 -0.325267 -0.759787 -0.355267 1 P 0
L -0.789787 -0.335267 -0.799787 -0.325267 1 P 0
L -0.799787 -0.325267 -0.799787 -0.355267 1 P 0
L -0.824787 -0.330267 -0.829787 -0.325267 1 P 0
L -0.829787 -0.325267 -0.844787 -0.325267 1 P 0
L -0.844787 -0.325267 -0.849787 -0.330267 1 P 0
L -0.849787 -0.330267 -0.849787 -0.335267 1 P 0
L -0.849787 -0.335267 -0.844787 -0.340267 1 P 0
L -0.844787 -0.340267 -0.829787 -0.340267 1 P 0
L -0.829787 -0.340267 -0.824787 -0.345267 1 P 0
L -0.824787 -0.345267 -0.824787 -0.355267 1 P 0
L -0.824787 -0.355267 -0.849787 -0.355267 1 P 0
L -0.962858 -0.408692 -0.951047 -0.408692 0 P 0
L -0.962858 -0.46381 -0.951047 -0.46381 0 P 0
L -0.88089 -0.398574 -0.88089 -0.368574 1 P 0
L -0.88089 -0.368574 -0.90589 -0.368574 1 P 0
L -0.90589 -0.368574 -0.91089 -0.373574 1 P 0
L -0.91089 -0.373574 -0.91089 -0.378574 1 P 0
L -0.91089 -0.378574 -0.90589 -0.383574 1 P 0
L -0.90589 -0.383574 -0.88089 -0.383574 1 P 0
L -0.90589 -0.383574 -0.91089 -0.388574 1 P 0
L -0.91089 -0.388574 -0.91089 -0.398574 1 P 0
L -0.93089 -0.378574 -0.94089 -0.368574 1 P 0
L -0.94089 -0.368574 -0.94089 -0.398574 1 P 0
L -0.97089 -0.378574 -0.98089 -0.368574 1 P 0
L -0.98089 -0.368574 -0.98089 -0.398574 1 P 0
L -1.00589 -0.373574 -1.01089 -0.368574 1 P 0
L -1.01089 -0.368574 -1.02589 -0.368574 1 P 0
L -1.02589 -0.368574 -1.03089 -0.373574 1 P 0
L -1.03089 -0.373574 -1.03089 -0.378574 1 P 0
L -1.03089 -0.378574 -1.02589 -0.383574 1 P 0
L -1.02589 -0.383574 -1.03089 -0.388574 1 P 0
L -1.03089 -0.388574 -1.03089 -0.393574 1 P 0
L -1.03089 -0.393574 -1.02589 -0.398574 1 P 0
L -1.02589 -0.398574 -1.01089 -0.398574 1 P 0
L -1.01089 -0.398574 -1.00589 -0.393574 1 P 0
L -1.01589 -0.383574 -1.02589 -0.383574 1 P 0
L 1.266118 1.038528 1.266118 1.033528 1 P 0
L 1.266118 1.033528 1.261118 1.028528 1 P 0
L 1.261118 1.028528 1.241118 1.028528 1 P 0
L 1.241118 1.028528 1.236118 1.033528 1 P 0
L 1.236118 1.033528 1.236118 1.058528 1 P 0
L 1.216118 1.048528 1.206118 1.058528 1 P 0
L 1.206118 1.058528 1.206118 1.028528 1 P 0
L 0.541579 -0.689102 0.541579 0.179717 2 P 0
L 0.541579 0.179717 1.880862 0.179717 2 P 0
L 1.880862 0.179717 1.880862 -0.689102 2 P 0
L 1.880862 -0.689102 0.541579 -0.689102 2 P 0
L 1.853114 -0.656267 1.865114 -0.644267 2 P 0
L 1.865114 -0.668267 1.853114 -0.656267 2 P 0
L 1.799374 -0.219802 1.824374 -0.219802 1 P 0
L 1.824374 -0.219802 1.829374 -0.224802 1 P 0
L 1.829374 -0.224802 1.829374 -0.244802 1 P 0
L 1.829374 -0.244802 1.824374 -0.249802 1 P 0
L 1.824374 -0.249802 1.799374 -0.249802 1 P 0
L 1.809374 -0.269802 1.799374 -0.279802 1 P 0
L 1.799374 -0.279802 1.829374 -0.279802 1 P 0
L 0.910307 0.506709 0.910307 0.254709 1 P 0
L 0.910307 0.254709 0.773307 0.254709 1 P 0
L 0.773307 0.254709 0.773307 0.506709 1 P 0
L 0.773307 0.506709 0.909307 0.506709 1 P 0
L 0.773307 0.453709 0.765307 0.453709 1 P 0
L 0.765307 0.453709 0.765307 0.304709 1 P 0
L 0.765307 0.304709 0.772307 0.304709 1 P 0
L 0.75826 0.282993 0.75826 0.257993 1 P 0
L 0.75826 0.257993 0.75326 0.252993 1 P 0
L 0.75326 0.252993 0.73326 0.252993 1 P 0
L 0.73326 0.252993 0.72826 0.257993 1 P 0
L 0.72826 0.257993 0.72826 0.282993 1 P 0
L 0.71326 0.277993 0.70826 0.282993 1 P 0
L 0.70826 0.282993 0.69326 0.282993 1 P 0
L 0.69326 0.282993 0.68826 0.277993 1 P 0
L 0.68826 0.277993 0.68826 0.272993 1 P 0
L 0.68826 0.272993 0.69326 0.267993 1 P 0
L 0.69326 0.267993 0.68826 0.262993 1 P 0
L 0.68826 0.262993 0.68826 0.257993 1 P 0
L 0.68826 0.257993 0.69326 0.252993 1 P 0
L 0.69326 0.252993 0.70826 0.252993 1 P 0
L 0.70826 0.252993 0.71326 0.257993 1 P 0
L 0.70326 0.267993 0.69326 0.267993 1 P 0
L -0.493409 -1.039361 -0.498409 -1.044361 1 P 0
L -0.498409 -1.044361 -0.518409 -1.044361 1 P 0
L -0.518409 -1.044361 -0.523409 -1.039361 1 P 0
L -0.523409 -1.039361 -0.523409 -1.034361 1 P 0
L -0.523409 -1.034361 -0.518409 -1.029361 1 P 0
L -0.518409 -1.029361 -0.498409 -1.029361 1 P 0
L -0.498409 -1.029361 -0.493409 -1.024361 1 P 0
L -0.493409 -1.024361 -0.493409 -1.019361 1 P 0
L -0.493409 -1.019361 -0.498409 -1.014361 1 P 0
L -0.498409 -1.014361 -0.518409 -1.014361 1 P 0
L -0.518409 -1.014361 -0.523409 -1.019361 1 P 0
L -0.533409 -1.014361 -0.533409 -1.044361 1 P 0
L -0.533409 -1.044361 -0.548409 -1.029361 1 P 0
L -0.548409 -1.029361 -0.563409 -1.044361 1 P 0
L -0.563409 -1.044361 -0.563409 -1.014361 1 P 0
L -0.583409 -1.024361 -0.593409 -1.014361 1 P 0
L -0.593409 -1.014361 -0.593409 -1.044361 1 P 0
L 1.623362 0.45115 1.323362 0.45115 1 P 0
L 1.544858 0.548772 1.544858 0.543772 1 P 0
L 1.544858 0.543772 1.539858 0.538772 1 P 0
L 1.539858 0.538772 1.519858 0.538772 1 P 0
L 1.519858 0.538772 1.514858 0.543772 1 P 0
L 1.514858 0.543772 1.514858 0.568772 1 P 0
L 1.499858 0.563772 1.494858 0.568772 1 P 0
L 1.494858 0.568772 1.479858 0.568772 1 P 0
L 1.479858 0.568772 1.474858 0.563772 1 P 0
L 1.474858 0.563772 1.474858 0.558772 1 P 0
L 1.474858 0.558772 1.479858 0.553772 1 P 0
L 1.479858 0.553772 1.494858 0.553772 1 P 0
L 1.494858 0.553772 1.499858 0.548772 1 P 0
L 1.499858 0.548772 1.499858 0.538772 1 P 0
L 1.499858 0.538772 1.474858 0.538772 1 P 0
L 0.899937 -0.278653 0.924937 -0.328653 2 P 0
L 0.949937 -0.278653 0.924937 -0.328653 2 P 0
L 1.391602 -0.278653 0.812602 -0.278653 2 P 0
L 0.812602 -0.278653 0.812602 -0.007653 2 P 0
L 0.812602 -0.007653 1.391602 -0.007653 2 P 0
L 1.391602 -0.007653 1.391602 -0.278653 2 P 0
L 1.142102 0.015347 1.142102 0.010347 1 P 0
L 1.142102 0.010347 1.137102 0.005347 1 P 0
L 1.137102 0.005347 1.117102 0.005347 1 P 0
L 1.117102 0.005347 1.112102 0.010347 1 P 0
L 1.112102 0.010347 1.112102 0.035347 1 P 0
L 1.097102 0.030347 1.092102 0.035347 1 P 0
L 1.092102 0.035347 1.077102 0.035347 1 P 0
L 1.077102 0.035347 1.072102 0.030347 1 P 0
L 1.072102 0.030347 1.072102 0.025347 1 P 0
L 1.072102 0.025347 1.077102 0.020347 1 P 0
L 1.077102 0.020347 1.072102 0.015347 1 P 0
L 1.072102 0.015347 1.072102 0.010347 1 P 0
L 1.072102 0.010347 1.077102 0.005347 1 P 0
L 1.077102 0.005347 1.092102 0.005347 1 P 0
L 1.092102 0.005347 1.097102 0.010347 1 P 0
L 1.087102 0.020347 1.077102 0.020347 1 P 0
L -1.824472 -0.172354 -1.799472 -0.222354 2 P 0
L -1.774472 -0.172354 -1.799472 -0.222354 2 P 0
L -1.332807 -0.172354 -1.911807 -0.172354 2 P 0
L -1.911807 -0.172354 -1.911807 0.098646 2 P 0
L -1.911807 0.098646 -1.332807 0.098646 2 P 0
L -1.332807 0.098646 -1.332807 -0.172354 2 P 0
L -1.751598 0.161017 -1.751598 0.156017 1 P 0
L -1.751598 0.156017 -1.756598 0.151017 1 P 0
L -1.756598 0.151017 -1.776598 0.151017 1 P 0
L -1.776598 0.151017 -1.781598 0.156017 1 P 0
L -1.781598 0.156017 -1.781598 0.181017 1 P 0
L -1.821598 0.161017 -1.791598 0.161017 1 P 0
L -1.791598 0.161017 -1.811598 0.181017 1 P 0
L -1.811598 0.181017 -1.811598 0.151017 1 P 0
L 0.505646 -0.983692 0.627693 -0.983692 0 P 0
L 0.627693 -0.983692 0.627693 -1.180543 0 P 0
L 0.627693 -1.180543 0.505646 -1.180543 0 P 0
L 0.505646 -1.180543 0.505646 -0.983692 0 P 0
L 0.614543 -0.887393 0.614543 -0.912393 1 P 0
L 0.614543 -0.912393 0.609543 -0.917393 1 P 0
L 0.609543 -0.917393 0.589543 -0.917393 1 P 0
L 0.589543 -0.917393 0.584543 -0.912393 1 P 0
L 0.584543 -0.912393 0.584543 -0.887393 1 P 0
L 0.544543 -0.907393 0.574543 -0.907393 1 P 0
L 0.574543 -0.907393 0.554543 -0.887393 1 P 0
L 0.554543 -0.887393 0.554543 -0.917393 1 P 0
L -0.622307 -0.201409 -0.652307 -0.201409 1 P 0
L -0.637307 -0.191409 -0.637307 -0.211409 1 P 0
L -0.692307 -0.186409 -0.667307 -0.186409 1 P 0
L -0.667307 -0.186409 -0.667307 -0.196409 1 P 0
L -0.667307 -0.196409 -0.687307 -0.196409 1 P 0
L -0.687307 -0.196409 -0.692307 -0.201409 1 P 0
L -0.692307 -0.201409 -0.692307 -0.211409 1 P 0
L -0.692307 -0.211409 -0.687307 -0.216409 1 P 0
L -0.687307 -0.216409 -0.672307 -0.216409 1 P 0
L -0.672307 -0.216409 -0.667307 -0.211409 1 P 0
L -0.702307 -0.196409 -0.717307 -0.216409 1 P 0
L -0.717307 -0.216409 -0.732307 -0.196409 1 P 0
L -0.421835 -0.18885 -0.441835 -0.16885 1 P 0
L -0.441835 -0.16885 -0.441835 -0.22885 1 P 0
L 1.880205 0.74982 1.880205 0.78582 1 P 0
L 1.880205 0.78582 1.848955 0.78582 1 P 0
L 1.848955 0.78582 1.842705 0.77982 1 P 0
L 1.842705 0.77982 1.842705 0.77382 1 P 0
L 1.842705 0.77382 1.848955 0.76782 1 P 0
L 1.848955 0.76782 1.880205 0.76782 1 P 0
L 1.830205 0.77382 1.817705 0.78582 1 P 0
L 1.817705 0.78582 1.805205 0.78582 1 P 0
L 1.805205 0.78582 1.792705 0.77382 1 P 0
L 1.792705 0.77382 1.792705 0.76182 1 P 0
L 1.792705 0.76182 1.805205 0.74982 1 P 0
L 1.805205 0.74982 1.817705 0.74982 1 P 0
L 1.817705 0.74982 1.830205 0.76182 1 P 0
L 1.830205 0.76182 1.830205 0.77382 1 P 0
L 1.780205 0.78582 1.780205 0.74982 1 P 0
L 1.780205 0.74982 1.761455 0.76782 1 P 0
L 1.761455 0.76782 1.742705 0.74982 1 P 0
L 1.742705 0.74982 1.742705 0.78582 1 P 0
L 1.692705 0.74982 1.730205 0.74982 1 P 0
L 1.730205 0.74982 1.730205 0.78582 1 P 0
L 1.730205 0.78582 1.692705 0.78582 1 P 0
L 1.730205 0.76782 1.705205 0.76782 1 P 0
L 1.680205 0.74982 1.680205 0.78582 1 P 0
L 1.680205 0.78582 1.648955 0.78582 1 P 0
L 1.648955 0.78582 1.642705 0.77982 1 P 0
L 1.642705 0.77982 1.642705 0.77382 1 P 0
L 1.642705 0.77382 1.648955 0.76782 1 P 0
L 1.648955 0.76782 1.680205 0.76782 1 P 0
L 1.648955 0.76782 1.642705 0.76182 1 P 0
L 1.642705 0.76182 1.642705 0.74982 1 P 0
L 1.495205 -0.62918 0.753142 -0.62918 1 P 0
L 1.499205 0.12082 0.752205 0.12082 1 P 0
L 0.752205 0.119457 0.752205 -0.62718 1 P 0
L 1.499205 0.11682 1.646205 -0.10818 1 P 0
L 1.646205 -0.10818 1.644205 -0.37818 1 P 0
L 1.644205 -0.37918 1.493205 -0.63218 1 P 0
L 1.563205 -0.48818 1.521205 -0.44318 1 P 0
L 1.521205 -0.48818 1.563205 -0.44318 1 P 0
L 1.521205 -0.42818 1.563205 -0.42818 1 P 0
L 1.563205 -0.42818 1.563205 -0.39068 1 P 0
L 1.563205 -0.39068 1.556205 -0.38318 1 P 0
L 1.556205 -0.38318 1.549205 -0.38318 1 P 0
L 1.549205 -0.38318 1.542205 -0.39068 1 P 0
L 1.542205 -0.39068 1.535205 -0.38318 1 P 0
L 1.535205 -0.38318 1.528205 -0.38318 1 P 0
L 1.528205 -0.38318 1.521205 -0.39068 1 P 0
L 1.521205 -0.39068 1.521205 -0.42818 1 P 0
L 1.542205 -0.42818 1.542205 -0.39068 1 P 0
L 1.535205 -0.36818 1.535205 -0.32318 1 P 0
L 1.535205 -0.32318 1.542205 -0.32318 1 P 0
L 1.542205 -0.32318 1.549205 -0.33068 1 P 0
L 1.549205 -0.33068 1.549205 -0.36068 1 P 0
L 1.549205 -0.36068 1.542205 -0.36818 1 P 0
L 1.542205 -0.36818 1.528205 -0.36818 1 P 0
L 1.528205 -0.36818 1.521205 -0.36068 1 P 0
L 1.521205 -0.36068 1.521205 -0.33068 1 P 0
L 1.535205 -0.30818 1.535205 -0.26318 1 P 0
L 1.535205 -0.26318 1.542205 -0.26318 1 P 0
L 1.542205 -0.26318 1.549205 -0.27068 1 P 0
L 1.549205 -0.27068 1.549205 -0.30068 1 P 0
L 1.549205 -0.30068 1.542205 -0.30818 1 P 0
L 1.542205 -0.30818 1.528205 -0.30818 1 P 0
L 1.528205 -0.30818 1.521205 -0.30068 1 P 0
L 1.521205 -0.30068 1.521205 -0.27068 1 P 0
L 1.521205 -0.18818 1.563205 -0.18818 1 P 0
L 1.563205 -0.18818 1.563205 -0.15068 1 P 0
L 1.563205 -0.15068 1.556205 -0.14318 1 P 0
L 1.556205 -0.14318 1.549205 -0.14318 1 P 0
L 1.549205 -0.14318 1.542205 -0.15068 1 P 0
L 1.542205 -0.15068 1.542205 -0.18818 1 P 0
L 1.521205 -0.12818 1.549205 -0.12818 1 P 0
L 1.542205 -0.12818 1.549205 -0.12068 1 P 0
L 1.549205 -0.12068 1.549205 -0.09068 1 P 0
L 1.549205 -0.09068 1.542205 -0.08318 1 P 0
L 1.542205 -0.06818 1.549205 -0.06068 1 P 0
L 1.549205 -0.06068 1.549205 -0.03068 1 P 0
L 1.549205 -0.03068 1.542205 -0.02318 1 P 0
L 1.542205 -0.02318 1.528205 -0.02318 1 P 0
L 1.528205 -0.02318 1.521205 -0.03068 1 P 0
L 1.521205 -0.03068 1.521205 -0.06068 1 P 0
L 1.521205 -0.06068 1.528205 -0.06818 1 P 0
L 1.528205 -0.06818 1.542205 -0.06818 1 P 0
L 1.491205 -0.57618 1.476205 -0.56218 1 P 0
L 1.476205 -0.56218 1.476205 -0.60418 1 P 0
L 1.531705 0.06782 1.524205 0.07482 1 P 0
L 1.524205 0.07482 1.501705 0.07482 1 P 0
L 1.501705 0.07482 1.494205 0.06782 1 P 0
L 1.494205 0.06782 1.494205 0.06082 1 P 0
L 1.494205 0.06082 1.501705 0.05382 1 P 0
L 1.501705 0.05382 1.524205 0.05382 1 P 0
L 1.524205 0.05382 1.531705 0.04682 1 P 0
L 1.531705 0.04682 1.531705 0.03282 1 P 0
L 1.531705 0.03282 1.494205 0.03282 1 P 0
L 1.479205 0.03982 1.479205 0.06782 1 P 0
L 1.479205 0.06782 1.471705 0.07482 1 P 0
L 1.471705 0.07482 1.441705 0.07482 1 P 0
L 1.441705 0.07482 1.434205 0.06782 1 P 0
L 1.434205 0.06782 1.434205 0.03982 1 P 0
L 1.434205 0.03982 1.441705 0.03282 1 P 0
L 1.441705 0.03282 1.471705 0.03282 1 P 0
L 1.471705 0.03282 1.479205 0.03982 1 P 0
L 1.479205 0.03282 1.434205 0.07482 1 P 0
L -0.962331 -0.917621 -0.95052 -0.917621 0 P 0
L -0.962331 -0.972739 -0.95052 -0.972739 0 P 0
L -0.796425 -0.935676 -0.796425 -0.905676 1 P 0
L -0.796425 -0.905676 -0.821425 -0.905676 1 P 0
L -0.821425 -0.905676 -0.826425 -0.910676 1 P 0
L -0.826425 -0.910676 -0.826425 -0.915676 1 P 0
L -0.826425 -0.915676 -0.821425 -0.920676 1 P 0
L -0.821425 -0.920676 -0.796425 -0.920676 1 P 0
L -0.821425 -0.920676 -0.826425 -0.925676 1 P 0
L -0.826425 -0.925676 -0.826425 -0.935676 1 P 0
L -0.866425 -0.910676 -0.861425 -0.905676 1 P 0
L -0.861425 -0.905676 -0.846425 -0.905676 1 P 0
L -0.846425 -0.905676 -0.841425 -0.910676 1 P 0
L -0.841425 -0.910676 -0.841425 -0.930676 1 P 0
L -0.841425 -0.930676 -0.846425 -0.935676 1 P 0
L -0.846425 -0.935676 -0.861425 -0.935676 1 P 0
L -0.861425 -0.935676 -0.866425 -0.930676 1 P 0
L -0.866425 -0.930676 -0.866425 -0.925676 1 P 0
L -0.866425 -0.925676 -0.861425 -0.920676 1 P 0
L -0.861425 -0.920676 -0.841425 -0.920676 1 P 0
L -0.987331 -0.993621 -0.97552 -0.993621 0 P 0
L -0.987331 -1.048739 -0.97552 -1.048739 0 P 0
L -0.941425 -1.106676 -0.941425 -1.076676 1 P 0
L -0.941425 -1.076676 -0.966425 -1.076676 1 P 0
L -0.966425 -1.076676 -0.971425 -1.081676 1 P 0
L -0.971425 -1.081676 -0.971425 -1.086676 1 P 0
L -0.971425 -1.086676 -0.966425 -1.091676 1 P 0
L -0.966425 -1.091676 -0.941425 -1.091676 1 P 0
L -0.966425 -1.091676 -0.971425 -1.096676 1 P 0
L -0.971425 -1.096676 -0.971425 -1.106676 1 P 0
L -0.986425 -1.076676 -1.011425 -1.076676 1 P 0
L -1.011425 -1.076676 -1.011425 -1.081676 1 P 0
L -1.011425 -1.081676 -0.986425 -1.106676 1 P 0
L 0.081213 0.97845 0.081213 0.7816 1 P 0
L 0.447354 0.97845 0.081213 0.97845 1 P 0
L 0.447354 0.7816 0.447354 0.97845 1 P 0
L 0.081213 0.7816 0.447354 0.7816 1 P 0
L -0.666008 -0.25633 -0.666008 -0.55733 1 P 0
L -0.466008 -0.25633 -0.666008 -0.25633 1 P 0
L -0.466008 -0.55733 -0.466008 -0.25633 1 P 0
L -0.666008 -0.55733 -0.466008 -0.55733 1 P 0
L 0.704465 1.053906 0.704465 0.648394 1 P 0
L 1.15722 1.053906 0.704465 1.053906 1 P 0
L 1.15722 0.648394 1.15722 1.053906 1 P 0
L 0.704465 0.648394 1.15722 0.648394 1 P 0
L 1.323362 0.50115 1.323362 0.25115 1 P 0
L 1.623362 0.50115 1.323362 0.50115 1 P 0
L 1.623362 0.25115 1.623362 0.50115 1 P 0
L 1.323362 0.25115 1.623362 0.25115 1 P 0
A -0.576969 0.83919 -0.576969 0.83919 -0.351354 0.83919 1 P 0 Y
A 0.096961 0.958765 0.096961 0.958765 0.100898 0.958765 1 P 0 Y
A 1.53222 -0.908692 1.53222 -0.908692 1.537142 -0.908692 3 P 0 Y
A 0.219071 -0.06507 0.219071 -0.06507 0.230882 -0.06507 4 P 0 Y
A 0.271236 -0.169401 0.271236 -0.169401 0.276157 -0.169401 3 P 0 Y
A -0.475654 0.622804 -0.475654 0.622804 -0.470732 0.622804 3 P 0 Y
A 1.130402 -0.808793 1.130402 -0.808793 1.134402 -0.808793 1 P 0 Y
A 0.473165 -0.487432 0.473165 -0.487432 0.478087 -0.487432 3 P 0 Y
A -0.519604 -0.817999 -0.519604 -0.817999 -0.068496 -0.817999 1 P 0 Y
A 0.518441 0.656269 0.518441 0.656269 0.523362 0.656269 3 P 0 Y
A 1.150331 0.65833 1.150331 0.65833 1.155252 0.65833 3 P 0 Y
A 0.433795 -1.190385 0.433795 -1.190385 0.438717 -1.190385 3 P 0 Y
A 0.533205 -1.141172 0.533205 -1.141172 0.545016 -1.141172 4 P 0 Y
