# XDBGEN converter version 211
#topsilk
$0 r8
@0 .geometry
@1 .drill
@2 .pad_usage
&0  
L -2.567559 -0.969307 -2.567559 -0.974307 0 P 0
L -2.567559 -0.974307 -2.562559 -0.979307 0 P 0
L -2.562559 -0.979307 -2.542559 -0.979307 0 P 0
L -2.542559 -0.979307 -2.537559 -0.974307 0 P 0
L -2.537559 -0.974307 -2.537559 -0.949307 0 P 0
L -2.497559 -0.949307 -2.522559 -0.949307 0 P 0
L -2.522559 -0.949307 -2.522559 -0.959307 0 P 0
L -2.522559 -0.959307 -2.502559 -0.959307 0 P 0
L -2.502559 -0.959307 -2.497559 -0.964307 0 P 0
L -2.497559 -0.964307 -2.497559 -0.974307 0 P 0
L -2.497559 -0.974307 -2.502559 -0.979307 0 P 0
L -2.502559 -0.979307 -2.517559 -0.979307 0 P 0
L -2.517559 -0.979307 -2.522559 -0.974307 0 P 0
L -2.587244 0.798409 -2.587244 0.793409 0 P 0
L -2.587244 0.793409 -2.582244 0.788409 0 P 0
L -2.582244 0.788409 -2.562244 0.788409 0 P 0
L -2.562244 0.788409 -2.557244 0.793409 0 P 0
L -2.557244 0.793409 -2.557244 0.818409 0 P 0
L -2.537244 0.803409 -2.542244 0.808409 0 P 0
L -2.542244 0.808409 -2.542244 0.813409 0 P 0
L -2.542244 0.813409 -2.537244 0.818409 0 P 0
L -2.537244 0.818409 -2.522244 0.818409 0 P 0
L -2.522244 0.818409 -2.517244 0.813409 0 P 0
L -2.517244 0.813409 -2.517244 0.808409 0 P 0
L -2.517244 0.808409 -2.522244 0.803409 0 P 0
L -2.522244 0.803409 -2.537244 0.803409 0 P 0
L -2.537244 0.803409 -2.542244 0.798409 0 P 0
L -2.542244 0.798409 -2.542244 0.793409 0 P 0
L -2.542244 0.793409 -2.537244 0.788409 0 P 0
L -2.537244 0.788409 -2.522244 0.788409 0 P 0
L -2.522244 0.788409 -2.517244 0.793409 0 P 0
L -2.517244 0.793409 -2.517244 0.798409 0 P 0
L -2.517244 0.798409 -2.522244 0.803409 0 P 0
L -2.571496 -0.398441 -2.571496 -0.403441 0 P 0
L -2.571496 -0.403441 -2.566496 -0.408441 0 P 0
L -2.566496 -0.408441 -2.546496 -0.408441 0 P 0
L -2.546496 -0.408441 -2.541496 -0.403441 0 P 0
L -2.541496 -0.403441 -2.541496 -0.378441 0 P 0
L -2.501496 -0.383441 -2.506496 -0.378441 0 P 0
L -2.506496 -0.378441 -2.521496 -0.378441 0 P 0
L -2.521496 -0.378441 -2.526496 -0.383441 0 P 0
L -2.526496 -0.383441 -2.526496 -0.403441 0 P 0
L -2.526496 -0.403441 -2.521496 -0.408441 0 P 0
L -2.521496 -0.408441 -2.506496 -0.408441 0 P 0
L -2.506496 -0.408441 -2.501496 -0.403441 0 P 0
L -2.501496 -0.403441 -2.501496 -0.398441 0 P 0
L -2.501496 -0.398441 -2.506496 -0.393441 0 P 0
L -2.506496 -0.393441 -2.526496 -0.393441 0 P 0
L -2.57937 0.168488 -2.57937 0.163488 0 P 0
L -2.57937 0.163488 -2.57437 0.158488 0 P 0
L -2.57437 0.158488 -2.55437 0.158488 0 P 0
L -2.55437 0.158488 -2.54937 0.163488 0 P 0
L -2.54937 0.163488 -2.54937 0.188488 0 P 0
L -2.53437 0.188488 -2.50937 0.188488 0 P 0
L -2.50937 0.188488 -2.50937 0.183488 0 P 0
L -2.50937 0.183488 -2.53437 0.158488 0 P 0
L -4.50063 -0.969307 -4.50063 -0.974307 0 P 0
L -4.50063 -0.974307 -4.49563 -0.979307 0 P 0
L -4.49563 -0.979307 -4.47563 -0.979307 0 P 0
L -4.47563 -0.979307 -4.47063 -0.974307 0 P 0
L -4.47063 -0.974307 -4.47063 -0.949307 0 P 0
L -4.43063 -0.959307 -4.43563 -0.964307 0 P 0
L -4.43563 -0.964307 -4.45063 -0.964307 0 P 0
L -4.45063 -0.964307 -4.45563 -0.959307 0 P 0
L -4.45563 -0.959307 -4.45563 -0.954307 0 P 0
L -4.45563 -0.954307 -4.45063 -0.949307 0 P 0
L -4.45063 -0.949307 -4.43563 -0.949307 0 P 0
L -4.43563 -0.949307 -4.43063 -0.954307 0 P 0
L -4.43063 -0.954307 -4.43063 -0.974307 0 P 0
L -4.43063 -0.974307 -4.43563 -0.979307 0 P 0
L -4.43563 -0.979307 -4.45063 -0.979307 0 P 0
L -4.512756 -0.406315 -4.512756 -0.411315 0 P 0
L -4.512756 -0.411315 -4.507756 -0.416315 0 P 0
L -4.507756 -0.416315 -4.487756 -0.416315 0 P 0
L -4.487756 -0.416315 -4.482756 -0.411315 0 P 0
L -4.482756 -0.411315 -4.482756 -0.386315 0 P 0
L -4.462756 -0.396315 -4.452756 -0.386315 0 P 0
L -4.452756 -0.386315 -4.452756 -0.416315 0 P 0
L -4.432756 -0.411315 -4.432756 -0.391315 0 P 0
L -4.432756 -0.391315 -4.427756 -0.386315 0 P 0
L -4.427756 -0.386315 -4.407756 -0.386315 0 P 0
L -4.407756 -0.386315 -4.402756 -0.391315 0 P 0
L -4.402756 -0.391315 -4.402756 -0.411315 0 P 0
L -4.402756 -0.411315 -4.407756 -0.416315 0 P 0
L -4.407756 -0.416315 -4.427756 -0.416315 0 P 0
L -4.427756 -0.416315 -4.432756 -0.411315 0 P 0
L -4.432756 -0.416315 -4.402756 -0.386315 0 P 0
L -4.489134 0.168488 -4.489134 0.163488 0 P 0
L -4.489134 0.163488 -4.484134 0.158488 0 P 0
L -4.484134 0.158488 -4.464134 0.158488 0 P 0
L -4.464134 0.158488 -4.459134 0.163488 0 P 0
L -4.459134 0.163488 -4.459134 0.188488 0 P 0
L -4.439134 0.178488 -4.429134 0.188488 0 P 0
L -4.429134 0.188488 -4.429134 0.158488 0 P 0
L -4.399134 0.178488 -4.389134 0.188488 0 P 0
L -4.389134 0.188488 -4.389134 0.158488 0 P 0
L -4.500945 0.786598 -4.500945 0.781598 0 P 0
L -4.500945 0.781598 -4.495945 0.776598 0 P 0
L -4.495945 0.776598 -4.475945 0.776598 0 P 0
L -4.475945 0.776598 -4.470945 0.781598 0 P 0
L -4.470945 0.781598 -4.470945 0.806598 0 P 0
L -4.450945 0.796598 -4.440945 0.806598 0 P 0
L -4.440945 0.806598 -4.440945 0.776598 0 P 0
L -4.415945 0.801598 -4.410945 0.806598 0 P 0
L -4.410945 0.806598 -4.395945 0.806598 0 P 0
L -4.395945 0.806598 -4.390945 0.801598 0 P 0
L -4.390945 0.801598 -4.390945 0.796598 0 P 0
L -4.390945 0.796598 -4.395945 0.791598 0 P 0
L -4.395945 0.791598 -4.390945 0.786598 0 P 0
L -4.390945 0.786598 -4.390945 0.781598 0 P 0
L -4.390945 0.781598 -4.395945 0.776598 0 P 0
L -4.395945 0.776598 -4.410945 0.776598 0 P 0
L -4.410945 0.776598 -4.415945 0.781598 0 P 0
L -4.405945 0.791598 -4.395945 0.791598 0 P 0
L -2.43189 -0.91063 -2.43189 -1.01063 0 P 0
L -2.33189 -0.91063 -2.43189 -0.91063 0 P 0
L -2.33189 -1.01063 -2.33189 -0.91063 0 P 0
L -2.43189 -1.01063 -2.33189 -1.01063 0 P 0
L -2.427953 0.845276 -2.427953 0.745276 0 P 0
L -2.327953 0.845276 -2.427953 0.845276 0 P 0
L -2.327953 0.745276 -2.327953 0.845276 0 P 0
L -2.427953 0.745276 -2.327953 0.745276 0 P 0
L -2.43189 -0.343701 -2.43189 -0.443701 0 P 0
L -2.33189 -0.343701 -2.43189 -0.343701 0 P 0
L -2.33189 -0.443701 -2.33189 -0.343701 0 P 0
L -2.43189 -0.443701 -2.33189 -0.443701 0 P 0
L -2.43189 0.223228 -2.43189 0.123228 0 P 0
L -2.33189 0.223228 -2.43189 0.223228 0 P 0
L -2.33189 0.123228 -2.33189 0.223228 0 P 0
L -2.43189 0.123228 -2.33189 0.123228 0 P 0
L -4.660236 -0.914567 -4.660236 -1.014567 0 P 0
L -4.560236 -0.914567 -4.660236 -0.914567 0 P 0
L -4.560236 -1.014567 -4.560236 -0.914567 0 P 0
L -4.660236 -1.014567 -4.560236 -1.014567 0 P 0
L -4.660236 -0.351575 -4.660236 -0.451575 0 P 0
L -4.560236 -0.351575 -4.660236 -0.351575 0 P 0
L -4.560236 -0.451575 -4.560236 -0.351575 0 P 0
L -4.660236 -0.451575 -4.560236 -0.451575 0 P 0
L -4.660236 0.219291 -4.660236 0.119291 0 P 0
L -4.560236 0.219291 -4.660236 0.219291 0 P 0
L -4.560236 0.119291 -4.560236 0.219291 0 P 0
L -4.660236 0.119291 -4.560236 0.119291 0 P 0
L -4.660236 0.841339 -4.660236 0.741339 0 P 0
L -4.560236 0.841339 -4.660236 0.841339 0 P 0
L -4.560236 0.741339 -4.560236 0.841339 0 P 0
L -4.660236 0.741339 -4.560236 0.741339 0 P 0
L -4.661417 1.085488 -4.661417 -1.276717 0 P 0
L -2.326772 1.085488 -4.661417 1.085488 0 P 0
L -2.326772 -1.276717 -2.326772 1.085488 0 P 0
L -4.661417 -1.276717 -2.326772 -1.276717 0 P 0
