# XDBGEN converter version 211
#topsilk
$0 r8
$1 r7.874016
$2 r9.84252
@0 .geometry
@1 .drill
@2 .pad_usage
&0  
L -1.319795 0.899261 -1.314795 0.899261 0 P 0
L -1.314795 0.899261 -1.309795 0.904261 0 P 0
L -1.309795 0.904261 -1.309795 0.924261 0 P 0
L -1.309795 0.924261 -1.314795 0.929261 0 P 0
L -1.314795 0.929261 -1.339795 0.929261 0 P 0
L -1.329795 0.949261 -1.339795 0.959261 0 P 0
L -1.339795 0.959261 -1.309795 0.959261 0 P 0
L -1.334795 0.984261 -1.339795 0.989261 0 P 0
L -1.339795 0.989261 -1.339795 1.004261 0 P 0
L -1.339795 1.004261 -1.334795 1.009261 0 P 0
L -1.334795 1.009261 -1.329795 1.009261 0 P 0
L -1.329795 1.009261 -1.324795 1.004261 0 P 0
L -1.324795 1.004261 -1.324795 0.989261 0 P 0
L -1.324795 0.989261 -1.319795 0.984261 0 P 0
L -1.319795 0.984261 -1.309795 0.984261 0 P 0
L -1.309795 0.984261 -1.309795 1.009261 0 P 0
L 1.300921 -0.763023 1.28911 -0.763023 1 P 0
L 1.300921 -0.818141 1.28911 -0.818141 1 P 0
L 1.229709 -0.8867 1.229709 -0.8567 0 P 0
L 1.229709 -0.8567 1.254709 -0.8567 0 P 0
L 1.254709 -0.8567 1.259709 -0.8617 0 P 0
L 1.259709 -0.8617 1.259709 -0.8667 0 P 0
L 1.259709 -0.8667 1.254709 -0.8717 0 P 0
L 1.254709 -0.8717 1.229709 -0.8717 0 P 0
L 1.254709 -0.8717 1.259709 -0.8767 0 P 0
L 1.259709 -0.8767 1.259709 -0.8867 0 P 0
L 1.274709 -0.8617 1.279709 -0.8567 0 P 0
L 1.279709 -0.8567 1.294709 -0.8567 0 P 0
L 1.294709 -0.8567 1.299709 -0.8617 0 P 0
L 1.299709 -0.8617 1.299709 -0.8667 0 P 0
L 1.299709 -0.8667 1.294709 -0.8717 0 P 0
L 1.294709 -0.8717 1.299709 -0.8767 0 P 0
L 1.299709 -0.8767 1.299709 -0.8817 0 P 0
L 1.299709 -0.8817 1.294709 -0.8867 0 P 0
L 1.294709 -0.8867 1.279709 -0.8867 0 P 0
L 1.279709 -0.8867 1.274709 -0.8817 0 P 0
L 1.284709 -0.8717 1.294709 -0.8717 0 P 0
L 1.20778 0.385143 1.20778 0.358143 0 P 0
L 1.15978 0.385143 1.15978 0.357143 0 P 0
L 1.121362 0.341143 1.126362 0.336143 0 P 0
L 1.126362 0.336143 1.126362 0.321143 0 P 0
L 1.126362 0.321143 1.116362 0.311143 0 P 0
L 1.116362 0.311143 1.106362 0.311143 0 P 0
L 1.106362 0.311143 1.096362 0.321143 0 P 0
L 1.096362 0.321143 1.096362 0.336143 0 P 0
L 1.096362 0.336143 1.101362 0.341143 0 P 0
L 1.106362 0.361143 1.096362 0.371143 0 P 0
L 1.096362 0.371143 1.126362 0.371143 0 P 0
L 1.106362 0.401143 1.096362 0.411143 0 P 0
L 1.096362 0.411143 1.126362 0.411143 0 P 0
L 1.074543 0.073355 1.074543 0.061544 1 P 0
L 1.129661 0.073355 1.129661 0.061544 1 P 0
L 1.190409 -0.008298 1.160409 -0.008298 0 P 0
L 1.160409 -0.008298 1.160409 0.016702 0 P 0
L 1.160409 0.016702 1.165409 0.021702 0 P 0
L 1.165409 0.021702 1.170409 0.021702 0 P 0
L 1.170409 0.021702 1.175409 0.016702 0 P 0
L 1.175409 0.016702 1.175409 -0.008298 0 P 0
L 1.175409 0.016702 1.180409 0.021702 0 P 0
L 1.180409 0.021702 1.190409 0.021702 0 P 0
L 1.170409 0.041702 1.160409 0.051702 0 P 0
L 1.160409 0.051702 1.190409 0.051702 0 P 0
L 1.185409 0.071702 1.165409 0.071702 0 P 0
L 1.165409 0.071702 1.160409 0.076702 0 P 0
L 1.160409 0.076702 1.160409 0.096702 0 P 0
L 1.160409 0.096702 1.165409 0.101702 0 P 0
L 1.165409 0.101702 1.185409 0.101702 0 P 0
L 1.185409 0.101702 1.190409 0.096702 0 P 0
L 1.190409 0.096702 1.190409 0.076702 0 P 0
L 1.190409 0.076702 1.185409 0.071702 0 P 0
L 1.190409 0.071702 1.160409 0.101702 0 P 0
L 0.805646 0.074355 0.805646 0.062544 1 P 0
L 0.860764 0.074355 0.860764 0.062544 1 P 0
L 0.77459 0.008512 0.74459 0.008512 0 P 0
L 0.74459 0.008512 0.74459 0.033512 0 P 0
L 0.74459 0.033512 0.74959 0.038512 0 P 0
L 0.74959 0.038512 0.75459 0.038512 0 P 0
L 0.75459 0.038512 0.75959 0.033512 0 P 0
L 0.75959 0.033512 0.75959 0.008512 0 P 0
L 0.75959 0.033512 0.76459 0.038512 0 P 0
L 0.76459 0.038512 0.77459 0.038512 0 P 0
L 0.75459 0.058512 0.74459 0.068512 0 P 0
L 0.74459 0.068512 0.77459 0.068512 0 P 0
L 0.75459 0.098512 0.74459 0.108512 0 P 0
L 0.74459 0.108512 0.77459 0.108512 0 P 0
L 1.125724 -0.548456 1.125724 -0.536645 1 P 0
L 1.070606 -0.548456 1.070606 -0.536645 1 P 0
L 1.034644 -0.602791 1.004644 -0.602791 0 P 0
L 1.004644 -0.602791 1.004644 -0.577791 0 P 0
L 1.004644 -0.577791 1.009644 -0.572791 0 P 0
L 1.009644 -0.572791 1.014644 -0.572791 0 P 0
L 1.014644 -0.572791 1.019644 -0.577791 0 P 0
L 1.019644 -0.577791 1.019644 -0.602791 0 P 0
L 1.019644 -0.577791 1.024644 -0.572791 0 P 0
L 1.024644 -0.572791 1.034644 -0.572791 0 P 0
L 1.014644 -0.552791 1.004644 -0.542791 0 P 0
L 1.004644 -0.542791 1.034644 -0.542791 0 P 0
L 1.009644 -0.517791 1.004644 -0.512791 0 P 0
L 1.004644 -0.512791 1.004644 -0.497791 0 P 0
L 1.004644 -0.497791 1.009644 -0.492791 0 P 0
L 1.009644 -0.492791 1.014644 -0.492791 0 P 0
L 1.014644 -0.492791 1.019644 -0.497791 0 P 0
L 1.019644 -0.497791 1.024644 -0.492791 0 P 0
L 1.024644 -0.492791 1.029644 -0.492791 0 P 0
L 1.029644 -0.492791 1.034644 -0.497791 0 P 0
L 1.034644 -0.497791 1.034644 -0.512791 0 P 0
L 1.034644 -0.512791 1.029644 -0.517791 0 P 0
L 1.019644 -0.507791 1.019644 -0.497791 0 P 0
L 1.796984 -0.322078 1.753677 -0.322078 1 P 0
L 1.796984 -0.38507 1.753677 -0.38507 1 P 0
L 1.796984 -0.38507 1.796984 -0.322078 1 P 0
L 1.791079 -0.322078 1.791079 -0.38507 1 P 0
L 1.785173 -0.322078 1.785173 -0.38507 1 P 0
L 1.779268 -0.322078 1.779268 -0.38507 1 P 0
L 1.589953 -0.367133 1.589953 -0.337133 0 P 0
L 1.589953 -0.337133 1.609953 -0.337133 0 P 0
L 1.609953 -0.337133 1.619953 -0.347133 0 P 0
L 1.619953 -0.347133 1.619953 -0.357133 0 P 0
L 1.619953 -0.357133 1.609953 -0.367133 0 P 0
L 1.609953 -0.367133 1.589953 -0.367133 0 P 0
L 1.639953 -0.347133 1.649953 -0.337133 0 P 0
L 1.649953 -0.337133 1.649953 -0.367133 0 P 0
L 1.796984 0.071623 1.753677 0.071623 1 P 0
L 1.796984 0.008631 1.753677 0.008631 1 P 0
L 1.796984 0.008631 1.796984 0.071623 1 P 0
L 1.791079 0.071623 1.791079 0.008631 1 P 0
L 1.785173 0.071623 1.785173 0.008631 1 P 0
L 1.779268 0.071623 1.779268 0.008631 1 P 0
L 1.582157 0.055505 1.582157 0.085505 0 P 0
L 1.582157 0.085505 1.602157 0.085505 0 P 0
L 1.602157 0.085505 1.612157 0.075505 0 P 0
L 1.612157 0.075505 1.612157 0.065505 0 P 0
L 1.612157 0.065505 1.602157 0.055505 0 P 0
L 1.602157 0.055505 1.582157 0.055505 0 P 0
L 1.627157 0.080505 1.632157 0.085505 0 P 0
L 1.632157 0.085505 1.647157 0.085505 0 P 0
L 1.647157 0.085505 1.652157 0.080505 0 P 0
L 1.652157 0.080505 1.652157 0.075505 0 P 0
L 1.652157 0.075505 1.647157 0.070505 0 P 0
L 1.647157 0.070505 1.632157 0.070505 0 P 0
L 1.632157 0.070505 1.627157 0.065505 0 P 0
L 1.627157 0.065505 1.627157 0.055505 0 P 0
L 1.627157 0.055505 1.652157 0.055505 0 P 0
L 1.796984 -0.192157 1.753677 -0.192157 1 P 0
L 1.796984 -0.255149 1.753677 -0.255149 1 P 0
L 1.796984 -0.255149 1.796984 -0.192157 1 P 0
L 1.791079 -0.192157 1.791079 -0.255149 1 P 0
L 1.785173 -0.192157 1.785173 -0.255149 1 P 0
L 1.779268 -0.192157 1.779268 -0.255149 1 P 0
L 1.592157 -0.206739 1.592157 -0.176739 0 P 0
L 1.592157 -0.176739 1.612157 -0.176739 0 P 0
L 1.612157 -0.176739 1.622157 -0.186739 0 P 0
L 1.622157 -0.186739 1.622157 -0.196739 0 P 0
L 1.622157 -0.196739 1.612157 -0.206739 0 P 0
L 1.612157 -0.206739 1.592157 -0.206739 0 P 0
L 1.637157 -0.181739 1.642157 -0.176739 0 P 0
L 1.642157 -0.176739 1.657157 -0.176739 0 P 0
L 1.657157 -0.176739 1.662157 -0.181739 0 P 0
L 1.662157 -0.181739 1.662157 -0.186739 0 P 0
L 1.662157 -0.186739 1.657157 -0.191739 0 P 0
L 1.657157 -0.191739 1.662157 -0.196739 0 P 0
L 1.662157 -0.196739 1.662157 -0.201739 0 P 0
L 1.662157 -0.201739 1.657157 -0.206739 0 P 0
L 1.657157 -0.206739 1.642157 -0.206739 0 P 0
L 1.642157 -0.206739 1.637157 -0.201739 0 P 0
L 1.647157 -0.191739 1.657157 -0.191739 0 P 0
L 0.40722 -0.530739 0.395409 -0.530739 1 P 0
L 0.40722 -0.585857 0.395409 -0.585857 1 P 0
L 0.346315 -0.491794 0.346315 -0.461794 0 P 0
L 0.346315 -0.461794 0.371315 -0.461794 0 P 0
L 0.371315 -0.461794 0.376315 -0.466794 0 P 0
L 0.376315 -0.466794 0.376315 -0.471794 0 P 0
L 0.376315 -0.471794 0.371315 -0.476794 0 P 0
L 0.371315 -0.476794 0.346315 -0.476794 0 P 0
L 0.371315 -0.476794 0.376315 -0.481794 0 P 0
L 0.376315 -0.481794 0.376315 -0.491794 0 P 0
L 0.391315 -0.466794 0.396315 -0.461794 0 P 0
L 0.396315 -0.461794 0.411315 -0.461794 0 P 0
L 0.411315 -0.461794 0.416315 -0.466794 0 P 0
L 0.416315 -0.466794 0.416315 -0.471794 0 P 0
L 0.416315 -0.471794 0.411315 -0.476794 0 P 0
L 0.411315 -0.476794 0.396315 -0.476794 0 P 0
L 0.396315 -0.476794 0.391315 -0.481794 0 P 0
L 0.391315 -0.481794 0.391315 -0.491794 0 P 0
L 0.391315 -0.491794 0.416315 -0.491794 0 P 0
L 0.431315 -0.466794 0.436315 -0.461794 0 P 0
L 0.436315 -0.461794 0.451315 -0.461794 0 P 0
L 0.451315 -0.461794 0.456315 -0.466794 0 P 0
L 0.456315 -0.466794 0.456315 -0.471794 0 P 0
L 0.456315 -0.471794 0.451315 -0.476794 0 P 0
L 0.451315 -0.476794 0.436315 -0.476794 0 P 0
L 0.436315 -0.476794 0.431315 -0.481794 0 P 0
L 0.431315 -0.481794 0.431315 -0.491794 0 P 0
L 0.431315 -0.491794 0.456315 -0.491794 0 P 0
L 1.458402 -0.763023 1.446591 -0.763023 1 P 0
L 1.458402 -0.818141 1.446591 -0.818141 1 P 0
L 1.330795 -0.887007 1.330795 -0.857007 0 P 0
L 1.330795 -0.857007 1.355795 -0.857007 0 P 0
L 1.355795 -0.857007 1.360795 -0.862007 0 P 0
L 1.360795 -0.862007 1.360795 -0.867007 0 P 0
L 1.360795 -0.867007 1.355795 -0.872007 0 P 0
L 1.355795 -0.872007 1.330795 -0.872007 0 P 0
L 1.355795 -0.872007 1.360795 -0.877007 0 P 0
L 1.360795 -0.877007 1.360795 -0.887007 0 P 0
L 1.400795 -0.877007 1.370795 -0.877007 0 P 0
L 1.370795 -0.877007 1.390795 -0.857007 0 P 0
L 1.390795 -0.857007 1.390795 -0.887007 0 P 0
L 1.415795 -0.862007 1.420795 -0.857007 0 P 0
L 1.420795 -0.857007 1.435795 -0.857007 0 P 0
L 1.435795 -0.857007 1.440795 -0.862007 0 P 0
L 1.440795 -0.862007 1.440795 -0.867007 0 P 0
L 1.440795 -0.867007 1.435795 -0.872007 0 P 0
L 1.435795 -0.872007 1.440795 -0.877007 0 P 0
L 1.440795 -0.877007 1.440795 -0.882007 0 P 0
L 1.440795 -0.882007 1.435795 -0.887007 0 P 0
L 1.435795 -0.887007 1.420795 -0.887007 0 P 0
L 1.420795 -0.887007 1.415795 -0.882007 0 P 0
L 1.425795 -0.872007 1.435795 -0.872007 0 P 0
L 1.796984 -0.070109 1.753677 -0.070109 1 P 0
L 1.796984 -0.133102 1.753677 -0.133102 1 P 0
L 1.796984 -0.133102 1.796984 -0.070109 1 P 0
L 1.791079 -0.070109 1.791079 -0.133102 1 P 0
L 1.785173 -0.070109 1.785173 -0.133102 1 P 0
L 1.779268 -0.070109 1.779268 -0.133102 1 P 0
L 1.561508 -0.076802 1.561508 -0.046802 0 P 0
L 1.561508 -0.046802 1.581508 -0.046802 0 P 0
L 1.581508 -0.046802 1.591508 -0.056802 0 P 0
L 1.591508 -0.056802 1.591508 -0.066802 0 P 0
L 1.591508 -0.066802 1.581508 -0.076802 0 P 0
L 1.581508 -0.076802 1.561508 -0.076802 0 P 0
L 1.611508 -0.056802 1.621508 -0.046802 0 P 0
L 1.621508 -0.046802 1.621508 -0.076802 0 P 0
L 1.646508 -0.051802 1.651508 -0.046802 0 P 0
L 1.651508 -0.046802 1.666508 -0.046802 0 P 0
L 1.666508 -0.046802 1.671508 -0.051802 0 P 0
L 1.671508 -0.051802 1.671508 -0.056802 0 P 0
L 1.671508 -0.056802 1.666508 -0.061802 0 P 0
L 1.666508 -0.061802 1.671508 -0.066802 0 P 0
L 1.671508 -0.066802 1.671508 -0.071802 0 P 0
L 1.671508 -0.071802 1.666508 -0.076802 0 P 0
L 1.666508 -0.076802 1.651508 -0.076802 0 P 0
L 1.651508 -0.076802 1.646508 -0.071802 0 P 0
L 1.656508 -0.061802 1.666508 -0.061802 0 P 0
L 0.917063 0.074355 0.917063 0.062544 1 P 0
L 0.972181 0.074355 0.972181 0.062544 1 P 0
L 1.032929 0.004513 1.002929 0.004513 0 P 0
L 1.002929 0.004513 1.002929 0.029513 0 P 0
L 1.002929 0.029513 1.007929 0.034513 0 P 0
L 1.007929 0.034513 1.012929 0.034513 0 P 0
L 1.012929 0.034513 1.017929 0.029513 0 P 0
L 1.017929 0.029513 1.017929 0.004513 0 P 0
L 1.017929 0.029513 1.022929 0.034513 0 P 0
L 1.022929 0.034513 1.032929 0.034513 0 P 0
L 1.012929 0.074513 1.017929 0.069513 0 P 0
L 1.017929 0.069513 1.017929 0.054513 0 P 0
L 1.017929 0.054513 1.012929 0.049513 0 P 0
L 1.012929 0.049513 1.007929 0.049513 0 P 0
L 1.007929 0.049513 1.002929 0.054513 0 P 0
L 1.002929 0.054513 1.002929 0.069513 0 P 0
L 1.002929 0.069513 1.007929 0.074513 0 P 0
L 1.007929 0.074513 1.027929 0.074513 0 P 0
L 1.027929 0.074513 1.032929 0.069513 0 P 0
L 1.032929 0.069513 1.032929 0.054513 0 P 0
L 1.012929 0.094513 1.002929 0.104513 0 P 0
L 1.002929 0.104513 1.032929 0.104513 0 P 0
L -0.356559 -0.700031 -0.36837 -0.700031 1 P 0
L -0.356559 -0.755149 -0.36837 -0.755149 1 P 0
L -0.564197 -0.784401 -0.564197 -0.754401 0 P 0
L -0.564197 -0.754401 -0.539197 -0.754401 0 P 0
L -0.539197 -0.754401 -0.534197 -0.759401 0 P 0
L -0.534197 -0.759401 -0.534197 -0.764401 0 P 0
L -0.534197 -0.764401 -0.539197 -0.769401 0 P 0
L -0.539197 -0.769401 -0.564197 -0.769401 0 P 0
L -0.539197 -0.769401 -0.534197 -0.774401 0 P 0
L -0.534197 -0.774401 -0.534197 -0.784401 0 P 0
L -0.494197 -0.759401 -0.499197 -0.754401 0 P 0
L -0.499197 -0.754401 -0.514197 -0.754401 0 P 0
L -0.514197 -0.754401 -0.519197 -0.759401 0 P 0
L -0.519197 -0.759401 -0.519197 -0.779401 0 P 0
L -0.519197 -0.779401 -0.514197 -0.784401 0 P 0
L -0.514197 -0.784401 -0.499197 -0.784401 0 P 0
L -0.499197 -0.784401 -0.494197 -0.779401 0 P 0
L -0.494197 -0.779401 -0.494197 -0.774401 0 P 0
L -0.494197 -0.774401 -0.499197 -0.769401 0 P 0
L -0.499197 -0.769401 -0.519197 -0.769401 0 P 0
L -0.479197 -0.759401 -0.474197 -0.754401 0 P 0
L -0.474197 -0.754401 -0.459197 -0.754401 0 P 0
L -0.459197 -0.754401 -0.454197 -0.759401 0 P 0
L -0.454197 -0.759401 -0.454197 -0.764401 0 P 0
L -0.454197 -0.764401 -0.459197 -0.769401 0 P 0
L -0.459197 -0.769401 -0.474197 -0.769401 0 P 0
L -0.474197 -0.769401 -0.479197 -0.774401 0 P 0
L -0.479197 -0.774401 -0.479197 -0.784401 0 P 0
L -0.479197 -0.784401 -0.454197 -0.784401 0 P 0
L -1.874276 -1.142944 -1.874276 -1.154755 1 P 0
L -1.819157 -1.142944 -1.819157 -1.154755 1 P 0
L -1.758409 -1.185228 -1.788409 -1.185228 0 P 0
L -1.788409 -1.185228 -1.788409 -1.160228 0 P 0
L -1.788409 -1.160228 -1.783409 -1.155228 0 P 0
L -1.783409 -1.155228 -1.778409 -1.155228 0 P 0
L -1.778409 -1.155228 -1.773409 -1.160228 0 P 0
L -1.773409 -1.160228 -1.773409 -1.185228 0 P 0
L -1.773409 -1.160228 -1.768409 -1.155228 0 P 0
L -1.768409 -1.155228 -1.758409 -1.155228 0 P 0
L -1.788409 -1.140228 -1.788409 -1.115228 0 P 0
L -1.788409 -1.115228 -1.783409 -1.115228 0 P 0
L -1.783409 -1.115228 -1.758409 -1.140228 0 P 0
L -1.783409 -1.075228 -1.788409 -1.080228 0 P 0
L -1.788409 -1.080228 -1.788409 -1.095228 0 P 0
L -1.788409 -1.095228 -1.783409 -1.100228 0 P 0
L -1.783409 -1.100228 -1.763409 -1.100228 0 P 0
L -1.763409 -1.100228 -1.758409 -1.095228 0 P 0
L -1.758409 -1.095228 -1.758409 -1.080228 0 P 0
L -1.758409 -1.080228 -1.763409 -1.075228 0 P 0
L -1.763409 -1.075228 -1.768409 -1.075228 0 P 0
L -1.768409 -1.075228 -1.773409 -1.080228 0 P 0
L -1.773409 -1.080228 -1.773409 -1.100228 0 P 0
L 1.422087 0.427875 1.422087 0.679875 0 P 0
L 1.422087 0.679875 1.285087 0.679875 0 P 0
L 1.285087 0.679875 1.285087 0.427875 0 P 0
L 1.285087 0.427875 1.421087 0.427875 0 P 0
L 1.285087 0.480875 1.277087 0.480875 0 P 0
L 1.277087 0.480875 1.277087 0.629875 0 P 0
L 1.277087 0.629875 1.284087 0.629875 0 P 0
L 1.182165 0.689465 1.182165 0.664465 0 P 0
L 1.182165 0.664465 1.187165 0.659465 0 P 0
L 1.187165 0.659465 1.207165 0.659465 0 P 0
L 1.207165 0.659465 1.212165 0.664465 0 P 0
L 1.212165 0.664465 1.212165 0.689465 0 P 0
L 1.227165 0.684465 1.232165 0.689465 0 P 0
L 1.232165 0.689465 1.247165 0.689465 0 P 0
L 1.247165 0.689465 1.252165 0.684465 0 P 0
L 1.252165 0.684465 1.252165 0.679465 0 P 0
L 1.252165 0.679465 1.247165 0.674465 0 P 0
L 1.247165 0.674465 1.232165 0.674465 0 P 0
L 1.232165 0.674465 1.227165 0.669465 0 P 0
L 1.227165 0.669465 1.227165 0.659465 0 P 0
L 1.227165 0.659465 1.252165 0.659465 0 P 0
L -0.419551 0.988946 -0.376244 0.988946 1 P 0
L -0.419551 1.051938 -0.376244 1.051938 1 P 0
L -0.419551 1.051938 -0.419551 0.988946 1 P 0
L -0.413646 0.988946 -0.413646 1.051938 1 P 0
L -0.40774 0.988946 -0.40774 1.051938 1 P 0
L -0.401835 0.988946 -0.401835 1.051938 1 P 0
L -0.427563 0.920206 -0.427563 0.950206 0 P 0
L -0.427563 0.950206 -0.407563 0.950206 0 P 0
L -0.407563 0.950206 -0.397563 0.940206 0 P 0
L -0.397563 0.940206 -0.397563 0.930206 0 P 0
L -0.397563 0.930206 -0.407563 0.920206 0 P 0
L -0.407563 0.920206 -0.427563 0.920206 0 P 0
L -0.357563 0.930206 -0.387563 0.930206 0 P 0
L -0.387563 0.930206 -0.367563 0.950206 0 P 0
L -0.367563 0.950206 -0.367563 0.920206 0 P 0
L -0.338843 0.835402 -0.307346 0.835402 1 P 0
L -0.242543 0.791465 -0.272543 0.791465 0 P 0
L -0.272543 0.791465 -0.272543 0.816465 0 P 0
L -0.272543 0.816465 -0.267543 0.821465 0 P 0
L -0.267543 0.821465 -0.262543 0.821465 0 P 0
L -0.262543 0.821465 -0.257543 0.816465 0 P 0
L -0.257543 0.816465 -0.257543 0.791465 0 P 0
L -0.257543 0.816465 -0.252543 0.821465 0 P 0
L -0.252543 0.821465 -0.242543 0.821465 0 P 0
L -0.252543 0.861465 -0.252543 0.831465 0 P 0
L -0.252543 0.831465 -0.272543 0.851465 0 P 0
L -0.272543 0.851465 -0.242543 0.851465 0 P 0
L -1.945299 0.842445 -1.940299 0.837445 0 P 0
L -1.940299 0.837445 -1.920299 0.837445 0 P 0
L -1.920299 0.837445 -1.915299 0.842445 0 P 0
L -1.915299 0.842445 -1.915299 0.847445 0 P 0
L -1.915299 0.847445 -1.920299 0.852445 0 P 0
L -1.920299 0.852445 -1.940299 0.852445 0 P 0
L -1.940299 0.852445 -1.945299 0.857445 0 P 0
L -1.945299 0.857445 -1.945299 0.862445 0 P 0
L -1.945299 0.862445 -1.940299 0.867445 0 P 0
L -1.940299 0.867445 -1.920299 0.867445 0 P 0
L -1.920299 0.867445 -1.915299 0.862445 0 P 0
L -1.905299 0.867445 -1.905299 0.837445 0 P 0
L -1.905299 0.837445 -1.890299 0.852445 0 P 0
L -1.890299 0.852445 -1.875299 0.837445 0 P 0
L -1.875299 0.837445 -1.875299 0.867445 0 P 0
L -1.860299 0.862445 -1.855299 0.867445 0 P 0
L -1.855299 0.867445 -1.840299 0.867445 0 P 0
L -1.840299 0.867445 -1.835299 0.862445 0 P 0
L -1.835299 0.862445 -1.835299 0.857445 0 P 0
L -1.835299 0.857445 -1.840299 0.852445 0 P 0
L -1.840299 0.852445 -1.855299 0.852445 0 P 0
L -1.855299 0.852445 -1.860299 0.847445 0 P 0
L -1.860299 0.847445 -1.860299 0.837445 0 P 0
L -1.860299 0.837445 -1.835299 0.837445 0 P 0
L -1.488213 0.468035 -1.483213 0.463035 0 P 0
L -1.483213 0.463035 -1.463213 0.463035 0 P 0
L -1.463213 0.463035 -1.458213 0.468035 0 P 0
L -1.458213 0.468035 -1.458213 0.473035 0 P 0
L -1.458213 0.473035 -1.463213 0.478035 0 P 0
L -1.463213 0.478035 -1.483213 0.478035 0 P 0
L -1.483213 0.478035 -1.488213 0.483035 0 P 0
L -1.488213 0.483035 -1.488213 0.488035 0 P 0
L -1.488213 0.488035 -1.483213 0.493035 0 P 0
L -1.483213 0.493035 -1.463213 0.493035 0 P 0
L -1.463213 0.493035 -1.458213 0.488035 0 P 0
L -1.448213 0.493035 -1.448213 0.463035 0 P 0
L -1.448213 0.463035 -1.433213 0.478035 0 P 0
L -1.433213 0.478035 -1.418213 0.463035 0 P 0
L -1.418213 0.463035 -1.418213 0.493035 0 P 0
L -1.403213 0.488035 -1.398213 0.493035 0 P 0
L -1.398213 0.493035 -1.383213 0.493035 0 P 0
L -1.383213 0.493035 -1.378213 0.488035 0 P 0
L -1.378213 0.488035 -1.378213 0.483035 0 P 0
L -1.378213 0.483035 -1.383213 0.478035 0 P 0
L -1.383213 0.478035 -1.378213 0.473035 0 P 0
L -1.378213 0.473035 -1.378213 0.468035 0 P 0
L -1.378213 0.468035 -1.383213 0.463035 0 P 0
L -1.383213 0.463035 -1.398213 0.463035 0 P 0
L -1.398213 0.463035 -1.403213 0.468035 0 P 0
L -1.393213 0.478035 -1.383213 0.478035 0 P 0
L -1.851205 0.420791 -1.846205 0.415791 0 P 0
L -1.846205 0.415791 -1.826205 0.415791 0 P 0
L -1.826205 0.415791 -1.821205 0.420791 0 P 0
L -1.821205 0.420791 -1.821205 0.425791 0 P 0
L -1.821205 0.425791 -1.826205 0.430791 0 P 0
L -1.826205 0.430791 -1.846205 0.430791 0 P 0
L -1.846205 0.430791 -1.851205 0.435791 0 P 0
L -1.851205 0.435791 -1.851205 0.440791 0 P 0
L -1.851205 0.440791 -1.846205 0.445791 0 P 0
L -1.846205 0.445791 -1.826205 0.445791 0 P 0
L -1.826205 0.445791 -1.821205 0.440791 0 P 0
L -1.811205 0.445791 -1.811205 0.415791 0 P 0
L -1.811205 0.415791 -1.796205 0.430791 0 P 0
L -1.796205 0.430791 -1.781205 0.415791 0 P 0
L -1.781205 0.415791 -1.781205 0.445791 0 P 0
L -1.741205 0.425791 -1.771205 0.425791 0 P 0
L -1.771205 0.425791 -1.751205 0.445791 0 P 0
L -1.751205 0.445791 -1.751205 0.415791 0 P 0
L -1.489787 0.409177 -1.484787 0.404177 0 P 0
L -1.484787 0.404177 -1.464787 0.404177 0 P 0
L -1.464787 0.404177 -1.459787 0.409177 0 P 0
L -1.459787 0.409177 -1.459787 0.414177 0 P 0
L -1.459787 0.414177 -1.464787 0.419177 0 P 0
L -1.464787 0.419177 -1.484787 0.419177 0 P 0
L -1.484787 0.419177 -1.489787 0.424177 0 P 0
L -1.489787 0.424177 -1.489787 0.429177 0 P 0
L -1.489787 0.429177 -1.484787 0.434177 0 P 0
L -1.484787 0.434177 -1.464787 0.434177 0 P 0
L -1.464787 0.434177 -1.459787 0.429177 0 P 0
L -1.449787 0.434177 -1.449787 0.404177 0 P 0
L -1.449787 0.404177 -1.434787 0.419177 0 P 0
L -1.434787 0.419177 -1.419787 0.404177 0 P 0
L -1.419787 0.404177 -1.419787 0.434177 0 P 0
L -1.379787 0.434177 -1.404787 0.434177 0 P 0
L -1.404787 0.434177 -1.404787 0.424177 0 P 0
L -1.404787 0.424177 -1.384787 0.424177 0 P 0
L -1.384787 0.424177 -1.379787 0.419177 0 P 0
L -1.379787 0.419177 -1.379787 0.409177 0 P 0
L -1.379787 0.409177 -1.384787 0.404177 0 P 0
L -1.384787 0.404177 -1.399787 0.404177 0 P 0
L -1.399787 0.404177 -1.404787 0.409177 0 P 0
L -1.852583 -0.260114 -1.847583 -0.265114 0 P 0
L -1.847583 -0.265114 -1.827583 -0.265114 0 P 0
L -1.827583 -0.265114 -1.822583 -0.260114 0 P 0
L -1.822583 -0.260114 -1.822583 -0.255114 0 P 0
L -1.822583 -0.255114 -1.827583 -0.250114 0 P 0
L -1.827583 -0.250114 -1.847583 -0.250114 0 P 0
L -1.847583 -0.250114 -1.852583 -0.245114 0 P 0
L -1.852583 -0.245114 -1.852583 -0.240114 0 P 0
L -1.852583 -0.240114 -1.847583 -0.235114 0 P 0
L -1.847583 -0.235114 -1.827583 -0.235114 0 P 0
L -1.827583 -0.235114 -1.822583 -0.240114 0 P 0
L -1.812583 -0.235114 -1.812583 -0.265114 0 P 0
L -1.812583 -0.265114 -1.797583 -0.250114 0 P 0
L -1.797583 -0.250114 -1.782583 -0.265114 0 P 0
L -1.782583 -0.265114 -1.782583 -0.235114 0 P 0
L -1.742583 -0.240114 -1.747583 -0.235114 0 P 0
L -1.747583 -0.235114 -1.762583 -0.235114 0 P 0
L -1.762583 -0.235114 -1.767583 -0.240114 0 P 0
L -1.767583 -0.240114 -1.767583 -0.260114 0 P 0
L -1.767583 -0.260114 -1.762583 -0.265114 0 P 0
L -1.762583 -0.265114 -1.747583 -0.265114 0 P 0
L -1.747583 -0.265114 -1.742583 -0.260114 0 P 0
L -1.742583 -0.260114 -1.742583 -0.255114 0 P 0
L -1.742583 -0.255114 -1.747583 -0.250114 0 P 0
L -1.747583 -0.250114 -1.767583 -0.250114 0 P 0
L -1.487425 -0.256374 -1.482425 -0.261374 0 P 0
L -1.482425 -0.261374 -1.462425 -0.261374 0 P 0
L -1.462425 -0.261374 -1.457425 -0.256374 0 P 0
L -1.457425 -0.256374 -1.457425 -0.251374 0 P 0
L -1.457425 -0.251374 -1.462425 -0.246374 0 P 0
L -1.462425 -0.246374 -1.482425 -0.246374 0 P 0
L -1.482425 -0.246374 -1.487425 -0.241374 0 P 0
L -1.487425 -0.241374 -1.487425 -0.236374 0 P 0
L -1.487425 -0.236374 -1.482425 -0.231374 0 P 0
L -1.482425 -0.231374 -1.462425 -0.231374 0 P 0
L -1.462425 -0.231374 -1.457425 -0.236374 0 P 0
L -1.447425 -0.231374 -1.447425 -0.261374 0 P 0
L -1.447425 -0.261374 -1.432425 -0.246374 0 P 0
L -1.432425 -0.246374 -1.417425 -0.261374 0 P 0
L -1.417425 -0.261374 -1.417425 -0.231374 0 P 0
L -1.402425 -0.231374 -1.377425 -0.231374 0 P 0
L -1.377425 -0.231374 -1.377425 -0.236374 0 P 0
L -1.377425 -0.236374 -1.402425 -0.261374 0 P 0
L -1.852583 -0.675862 -1.847583 -0.680862 0 P 0
L -1.847583 -0.680862 -1.827583 -0.680862 0 P 0
L -1.827583 -0.680862 -1.822583 -0.675862 0 P 0
L -1.822583 -0.675862 -1.822583 -0.670862 0 P 0
L -1.822583 -0.670862 -1.827583 -0.665862 0 P 0
L -1.827583 -0.665862 -1.847583 -0.665862 0 P 0
L -1.847583 -0.665862 -1.852583 -0.660862 0 P 0
L -1.852583 -0.660862 -1.852583 -0.655862 0 P 0
L -1.852583 -0.655862 -1.847583 -0.650862 0 P 0
L -1.847583 -0.650862 -1.827583 -0.650862 0 P 0
L -1.827583 -0.650862 -1.822583 -0.655862 0 P 0
L -1.812583 -0.650862 -1.812583 -0.680862 0 P 0
L -1.812583 -0.680862 -1.797583 -0.665862 0 P 0
L -1.797583 -0.665862 -1.782583 -0.680862 0 P 0
L -1.782583 -0.680862 -1.782583 -0.650862 0 P 0
L -1.762583 -0.665862 -1.767583 -0.660862 0 P 0
L -1.767583 -0.660862 -1.767583 -0.655862 0 P 0
L -1.767583 -0.655862 -1.762583 -0.650862 0 P 0
L -1.762583 -0.650862 -1.747583 -0.650862 0 P 0
L -1.747583 -0.650862 -1.742583 -0.655862 0 P 0
L -1.742583 -0.655862 -1.742583 -0.660862 0 P 0
L -1.742583 -0.660862 -1.747583 -0.665862 0 P 0
L -1.747583 -0.665862 -1.762583 -0.665862 0 P 0
L -1.762583 -0.665862 -1.767583 -0.670862 0 P 0
L -1.767583 -0.670862 -1.767583 -0.675862 0 P 0
L -1.767583 -0.675862 -1.762583 -0.680862 0 P 0
L -1.762583 -0.680862 -1.747583 -0.680862 0 P 0
L -1.747583 -0.680862 -1.742583 -0.675862 0 P 0
L -1.742583 -0.675862 -1.742583 -0.670862 0 P 0
L -1.742583 -0.670862 -1.747583 -0.665862 0 P 0
L -1.488213 -0.682555 -1.483213 -0.687555 0 P 0
L -1.483213 -0.687555 -1.463213 -0.687555 0 P 0
L -1.463213 -0.687555 -1.458213 -0.682555 0 P 0
L -1.458213 -0.682555 -1.458213 -0.677555 0 P 0
L -1.458213 -0.677555 -1.463213 -0.672555 0 P 0
L -1.463213 -0.672555 -1.483213 -0.672555 0 P 0
L -1.483213 -0.672555 -1.488213 -0.667555 0 P 0
L -1.488213 -0.667555 -1.488213 -0.662555 0 P 0
L -1.488213 -0.662555 -1.483213 -0.657555 0 P 0
L -1.483213 -0.657555 -1.463213 -0.657555 0 P 0
L -1.463213 -0.657555 -1.458213 -0.662555 0 P 0
L -1.448213 -0.657555 -1.448213 -0.687555 0 P 0
L -1.448213 -0.687555 -1.433213 -0.672555 0 P 0
L -1.433213 -0.672555 -1.418213 -0.687555 0 P 0
L -1.418213 -0.687555 -1.418213 -0.657555 0 P 0
L -1.378213 -0.667555 -1.383213 -0.672555 0 P 0
L -1.383213 -0.672555 -1.398213 -0.672555 0 P 0
L -1.398213 -0.672555 -1.403213 -0.667555 0 P 0
L -1.403213 -0.667555 -1.403213 -0.662555 0 P 0
L -1.403213 -0.662555 -1.398213 -0.657555 0 P 0
L -1.398213 -0.657555 -1.383213 -0.657555 0 P 0
L -1.383213 -0.657555 -1.378213 -0.662555 0 P 0
L -1.378213 -0.662555 -1.378213 -0.682555 0 P 0
L -1.378213 -0.682555 -1.383213 -0.687555 0 P 0
L -1.383213 -0.687555 -1.398213 -0.687555 0 P 0
L 1.839504 0.732646 1.839504 0.432646 0 P 0
L 1.588858 0.503276 1.593858 0.503276 0 P 0
L 1.593858 0.503276 1.598858 0.508276 0 P 0
L 1.598858 0.508276 1.598858 0.528276 0 P 0
L 1.598858 0.528276 1.593858 0.533276 0 P 0
L 1.593858 0.533276 1.568858 0.533276 0 P 0
L 1.568858 0.573276 1.568858 0.548276 0 P 0
L 1.568858 0.548276 1.578858 0.548276 0 P 0
L 1.578858 0.548276 1.578858 0.568276 0 P 0
L 1.578858 0.568276 1.583858 0.573276 0 P 0
L 1.583858 0.573276 1.593858 0.573276 0 P 0
L 1.593858 0.573276 1.598858 0.568276 0 P 0
L 1.598858 0.568276 1.598858 0.553276 0 P 0
L 1.598858 0.553276 1.593858 0.548276 0 P 0
L 1.716276 0.370835 1.716276 0.339339 1 P 0
L 1.786512 0.349339 1.786512 0.379339 0 P 0
L 1.786512 0.379339 1.811512 0.379339 0 P 0
L 1.811512 0.379339 1.816512 0.374339 0 P 0
L 1.816512 0.374339 1.816512 0.369339 0 P 0
L 1.816512 0.369339 1.811512 0.364339 0 P 0
L 1.811512 0.364339 1.786512 0.364339 0 P 0
L 1.811512 0.364339 1.816512 0.359339 0 P 0
L 1.816512 0.359339 1.816512 0.349339 0 P 0
L 1.836512 0.369339 1.846512 0.379339 0 P 0
L 1.846512 0.379339 1.846512 0.349339 0 P 0
L 1.716276 0.280284 1.716276 0.248788 1 P 0
L 1.786512 0.250914 1.786512 0.280914 0 P 0
L 1.786512 0.280914 1.811512 0.280914 0 P 0
L 1.811512 0.280914 1.816512 0.275914 0 P 0
L 1.816512 0.275914 1.816512 0.270914 0 P 0
L 1.816512 0.270914 1.811512 0.265914 0 P 0
L 1.811512 0.265914 1.786512 0.265914 0 P 0
L 1.811512 0.265914 1.816512 0.260914 0 P 0
L 1.816512 0.260914 1.816512 0.250914 0 P 0
L 1.856512 0.280914 1.831512 0.280914 0 P 0
L 1.831512 0.280914 1.831512 0.270914 0 P 0
L 1.831512 0.270914 1.851512 0.270914 0 P 0
L 1.851512 0.270914 1.856512 0.265914 0 P 0
L 1.856512 0.265914 1.856512 0.255914 0 P 0
L 1.856512 0.255914 1.851512 0.250914 0 P 0
L 1.851512 0.250914 1.836512 0.250914 0 P 0
L 1.836512 0.250914 1.831512 0.255914 0 P 0
L -1.282543 0.912961 -1.282543 -1.087039 0 P 0
L -1.082543 0.912961 -1.282543 0.912961 0 P 0
L -1.082543 -1.087039 -1.082543 0.912961 0 P 0
L -1.282543 -1.087039 -1.082543 -1.087039 0 P 0
L -1.961937 1.092615 -1.961937 -1.26959 0 P 0
L 1.900268 1.092615 -1.961937 1.092615 0 P 0
L 1.900268 -1.26959 1.900268 1.092615 0 P 0
L -1.961937 -1.26959 1.900268 -1.26959 0 P 0
L -1.914039 0.774772 -1.914039 0.534615 0 P 0
L -1.673882 0.774772 -1.914039 0.774772 0 P 0
L -1.673882 0.534615 -1.673882 0.774772 0 P 0
L -1.914039 0.534615 -1.673882 0.534615 0 P 0
L -1.551441 0.774379 -1.551441 0.534221 0 P 0
L -1.311283 0.774379 -1.551441 0.774379 0 P 0
L -1.311283 0.534221 -1.311283 0.774379 0 P 0
L -1.551441 0.534221 -1.311283 0.534221 0 P 0
L -1.914433 0.372804 -1.914433 0.132646 0 P 0
L -1.674276 0.372804 -1.914433 0.372804 0 P 0
L -1.674276 0.132646 -1.674276 0.372804 0 P 0
L -1.914433 0.132646 -1.674276 0.132646 0 P 0
L -1.553016 0.373001 -1.553016 0.132843 0 P 0
L -1.312858 0.373001 -1.553016 0.373001 0 P 0
L -1.312858 0.132843 -1.312858 0.373001 0 P 0
L -1.553016 0.132843 -1.312858 0.132843 0 P 0
L -1.915811 -0.315976 -1.915811 -0.556133 0 P 0
L -1.675654 -0.315976 -1.915811 -0.315976 0 P 0
L -1.675654 -0.556133 -1.675654 -0.315976 0 P 0
L -1.915811 -0.556133 -1.675654 -0.556133 0 P 0
L -1.550654 -0.316172 -1.550654 -0.55633 0 P 0
L -1.310496 -0.316172 -1.550654 -0.316172 0 P 0
L -1.310496 -0.55633 -1.310496 -0.316172 0 P 0
L -1.550654 -0.55633 -1.310496 -0.55633 0 P 0
L -1.915811 -0.712039 -1.915811 -0.952196 0 P 0
L -1.675654 -0.712039 -1.915811 -0.712039 0 P 0
L -1.675654 -0.952196 -1.675654 -0.712039 0 P 0
L -1.915811 -0.952196 -1.675654 -0.952196 0 P 0
L -1.551441 -0.710857 -1.551441 -0.951015 0 P 0
L -1.311283 -0.710857 -1.551441 -0.710857 0 P 0
L -1.311283 -0.951015 -1.311283 -0.710857 0 P 0
L -1.551441 -0.951015 -1.311283 -0.951015 0 P 0
L 1.639504 0.732646 1.639504 0.432646 0 P 0
L 1.889504 0.732646 1.639504 0.732646 0 P 0
L 1.889504 0.432646 1.889504 0.732646 0 P 0
L 1.639504 0.432646 1.889504 0.432646 0 P 0
A 1.870803 -0.353574 1.870803 -0.353574 1.875724 -0.353574 2 P 0 Y
A 1.870803 0.040127 1.870803 0.040127 1.875724 0.040127 2 P 0 Y
A 1.870803 -0.223653 1.870803 -0.223653 1.875724 -0.223653 2 P 0 Y
A 1.870803 -0.101606 1.870803 -0.101606 1.875724 -0.101606 2 P 0 Y
A -0.503213 1.020442 -0.503213 1.020442 -0.498291 1.020442 2 P 0 Y
A -1.915468 0.654694 -1.915468 0.654694 -1.793961 0.654694 0 P 0 Y
A -1.552869 0.6543 -1.552869 0.6543 -1.431362 0.6543 0 P 0 Y
A -1.915861 0.252725 -1.915861 0.252725 -1.794354 0.252725 0 P 0 Y
A -1.554444 0.252922 -1.554444 0.252922 -1.432937 0.252922 0 P 0 Y
A -1.917239 -0.436054 -1.917239 -0.436054 -1.795732 -0.436054 0 P 0 Y
A -1.552082 -0.436251 -1.552082 -0.436251 -1.430575 -0.436251 0 P 0 Y
A -1.917239 -0.832117 -1.917239 -0.832117 -1.795732 -0.832117 0 P 0 Y
A -1.552869 -0.830936 -1.552869 -0.830936 -1.431362 -0.830936 0 P 0 Y
