# XDBGEN converter version 211
#bottomsilk
$0 r7.874016
$1 r8
$2 r9.84252
$3 r23.622047
@0 .geometry
@1 .drill
@2 .pad_usage
&0  
L 1.257874 1.665441 1.246063 1.665441 0 P 0
L 1.257874 1.720559 1.246063 1.720559 0 P 0
L 1.357315 1.748614 1.327315 1.748614 1 P 0
L 1.327315 1.748614 1.327315 1.723614 1 P 0
L 1.327315 1.723614 1.332315 1.718614 1 P 0
L 1.332315 1.718614 1.337315 1.718614 1 P 0
L 1.337315 1.718614 1.342315 1.723614 1 P 0
L 1.342315 1.723614 1.342315 1.748614 1 P 0
L 1.342315 1.723614 1.347315 1.718614 1 P 0
L 1.347315 1.718614 1.357315 1.718614 1 P 0
L 1.337315 1.698614 1.327315 1.688614 1 P 0
L 1.327315 1.688614 1.357315 1.688614 1 P 0
L 1.352315 1.668614 1.332315 1.668614 1 P 0
L 1.332315 1.668614 1.327315 1.663614 1 P 0
L 1.327315 1.663614 1.327315 1.643614 1 P 0
L 1.327315 1.643614 1.332315 1.638614 1 P 0
L 1.332315 1.638614 1.352315 1.638614 1 P 0
L 1.352315 1.638614 1.357315 1.643614 1 P 0
L 1.357315 1.643614 1.357315 1.663614 1 P 0
L 1.357315 1.663614 1.352315 1.668614 1 P 0
L 1.357315 1.668614 1.327315 1.638614 1 P 0
L 1.257874 1.765441 1.246063 1.765441 0 P 0
L 1.257874 1.820559 1.246063 1.820559 0 P 0
L 1.357905 1.858054 1.327905 1.858054 1 P 0
L 1.327905 1.858054 1.327905 1.833054 1 P 0
L 1.327905 1.833054 1.332905 1.828054 1 P 0
L 1.332905 1.828054 1.337905 1.828054 1 P 0
L 1.337905 1.828054 1.342905 1.833054 1 P 0
L 1.342905 1.833054 1.342905 1.858054 1 P 0
L 1.342905 1.833054 1.347905 1.828054 1 P 0
L 1.347905 1.828054 1.357905 1.828054 1 P 0
L 1.337905 1.808054 1.327905 1.798054 1 P 0
L 1.327905 1.798054 1.357905 1.798054 1 P 0
L 1.337905 1.768054 1.327905 1.758054 1 P 0
L 1.327905 1.758054 1.357905 1.758054 1 P 0
L 1.257874 1.860441 1.246063 1.860441 0 P 0
L 1.257874 1.915559 1.246063 1.915559 0 P 0
L 1.357539 1.989096 1.327539 1.989096 1 P 0
L 1.327539 1.989096 1.327539 1.964096 1 P 0
L 1.327539 1.964096 1.332539 1.959096 1 P 0
L 1.332539 1.959096 1.337539 1.959096 1 P 0
L 1.337539 1.959096 1.342539 1.964096 1 P 0
L 1.342539 1.964096 1.342539 1.989096 1 P 0
L 1.342539 1.964096 1.347539 1.959096 1 P 0
L 1.347539 1.959096 1.357539 1.959096 1 P 0
L 1.337539 1.939096 1.327539 1.929096 1 P 0
L 1.327539 1.929096 1.357539 1.929096 1 P 0
L 1.332539 1.904096 1.327539 1.899096 1 P 0
L 1.327539 1.899096 1.327539 1.884096 1 P 0
L 1.327539 1.884096 1.332539 1.879096 1 P 0
L 1.332539 1.879096 1.337539 1.879096 1 P 0
L 1.337539 1.879096 1.342539 1.884096 1 P 0
L 1.342539 1.884096 1.347539 1.879096 1 P 0
L 1.347539 1.879096 1.352539 1.879096 1 P 0
L 1.352539 1.879096 1.357539 1.884096 1 P 0
L 1.357539 1.884096 1.357539 1.899096 1 P 0
L 1.357539 1.899096 1.352539 1.904096 1 P 0
L 1.342539 1.894096 1.342539 1.884096 1 P 0
L 1.257874 1.57174 1.246063 1.57174 0 P 0
L 1.257874 1.626858 1.246063 1.626858 0 P 0
L 1.229858 1.505244 1.229858 1.535244 1 P 0
L 1.229858 1.535244 1.204858 1.535244 1 P 0
L 1.204858 1.535244 1.199858 1.530244 1 P 0
L 1.199858 1.530244 1.199858 1.525244 1 P 0
L 1.199858 1.525244 1.204858 1.520244 1 P 0
L 1.204858 1.520244 1.229858 1.520244 1 P 0
L 1.204858 1.520244 1.199858 1.515244 1 P 0
L 1.199858 1.515244 1.199858 1.505244 1 P 0
L 1.159858 1.525244 1.164858 1.520244 1 P 0
L 1.164858 1.520244 1.179858 1.520244 1 P 0
L 1.179858 1.520244 1.184858 1.525244 1 P 0
L 1.184858 1.525244 1.184858 1.530244 1 P 0
L 1.184858 1.530244 1.179858 1.535244 1 P 0
L 1.179858 1.535244 1.164858 1.535244 1 P 0
L 1.164858 1.535244 1.159858 1.530244 1 P 0
L 1.159858 1.530244 1.159858 1.510244 1 P 0
L 1.159858 1.510244 1.164858 1.505244 1 P 0
L 1.164858 1.505244 1.179858 1.505244 1 P 0
L 1.139858 1.525244 1.129858 1.535244 1 P 0
L 1.129858 1.535244 1.129858 1.505244 1 P 0
L 0.139 0.269 0.139 0.521 1 P 0
L 0.139 0.521 0.276 0.521 1 P 0
L 0.276 0.521 0.276 0.269 1 P 0
L 0.276 0.269 0.14 0.269 1 P 0
L 0.276 0.322 0.284 0.322 1 P 0
L 0.284 0.322 0.284 0.471 1 P 0
L 0.284 0.471 0.277 0.471 1 P 0
L 0.353434 0.618701 0.353434 0.593701 1 P 0
L 0.353434 0.593701 0.345934 0.588701 1 P 0
L 0.345934 0.588701 0.315934 0.588701 1 P 0
L 0.315934 0.588701 0.308434 0.593701 1 P 0
L 0.308434 0.593701 0.308434 0.618701 1 P 0
L 0.285934 0.613701 0.278434 0.618701 1 P 0
L 0.278434 0.618701 0.255934 0.618701 1 P 0
L 0.255934 0.618701 0.248434 0.613701 1 P 0
L 0.248434 0.613701 0.248434 0.608701 1 P 0
L 0.248434 0.608701 0.255934 0.603701 1 P 0
L 0.255934 0.603701 0.278434 0.603701 1 P 0
L 0.278434 0.603701 0.285934 0.598701 1 P 0
L 0.285934 0.598701 0.285934 0.588701 1 P 0
L 0.285934 0.588701 0.248434 0.588701 1 P 0
L 0.356646 0.192748 0.356646 0.05889 0 P 0
L 0.437354 0.192748 0.437354 0.05889 0 P 0
L 0.481331 0.154028 0.486331 0.159028 1 P 0
L 0.486331 0.159028 0.486331 0.174028 1 P 0
L 0.486331 0.174028 0.476331 0.184028 1 P 0
L 0.476331 0.184028 0.466331 0.184028 1 P 0
L 0.466331 0.184028 0.456331 0.174028 1 P 0
L 0.456331 0.174028 0.456331 0.159028 1 P 0
L 0.456331 0.159028 0.461331 0.154028 1 P 0
L 0.476331 0.114028 0.476331 0.144028 1 P 0
L 0.476331 0.144028 0.456331 0.124028 1 P 0
L 0.456331 0.124028 0.486331 0.124028 1 P 0
L 0.476378 1.708661 0.476378 1.677165 0 P 0
L 0.608913 1.701354 0.608913 1.731354 1 P 0
L 0.608913 1.731354 0.583913 1.731354 1 P 0
L 0.583913 1.731354 0.578913 1.726354 1 P 0
L 0.578913 1.726354 0.578913 1.721354 1 P 0
L 0.578913 1.721354 0.583913 1.716354 1 P 0
L 0.583913 1.716354 0.608913 1.716354 1 P 0
L 0.583913 1.716354 0.578913 1.711354 1 P 0
L 0.578913 1.711354 0.578913 1.701354 1 P 0
L 0.558913 1.721354 0.548913 1.731354 1 P 0
L 0.548913 1.731354 0.548913 1.701354 1 P 0
L 0.417016 1.653795 0.399016 1.653795 1 P 0
L 0.417016 1.621795 0.399016 1.621795 1 P 0
L 0.308016 1.639795 0.313016 1.634795 1 P 0
L 0.313016 1.634795 0.328016 1.634795 1 P 0
L 0.328016 1.634795 0.338016 1.644795 1 P 0
L 0.338016 1.644795 0.338016 1.654795 1 P 0
L 0.338016 1.654795 0.328016 1.664795 1 P 0
L 0.328016 1.664795 0.313016 1.664795 1 P 0
L 0.313016 1.664795 0.308016 1.659795 1 P 0
L 0.268016 1.664795 0.293016 1.664795 1 P 0
L 0.293016 1.664795 0.293016 1.654795 1 P 0
L 0.293016 1.654795 0.273016 1.654795 1 P 0
L 0.273016 1.654795 0.268016 1.649795 1 P 0
L 0.268016 1.649795 0.268016 1.639795 1 P 0
L 0.268016 1.639795 0.273016 1.634795 1 P 0
L 0.273016 1.634795 0.288016 1.634795 1 P 0
L 0.288016 1.634795 0.293016 1.639795 1 P 0
L 0.624016 1.25 0.383858 1.25 0 P 0
L 0.383858 1.25 0.383858 1.490157 0 P 0
L 0.383858 1.490157 0.624016 1.490157 0 P 0
L 0.624016 1.490157 0.624016 1.25 0 P 0
L 0.799937 1.546079 0.799937 1.521079 1 P 0
L 0.799937 1.521079 0.794937 1.516079 1 P 0
L 0.794937 1.516079 0.774937 1.516079 1 P 0
L 0.774937 1.516079 0.769937 1.521079 1 P 0
L 0.769937 1.521079 0.769937 1.546079 1 P 0
L 0.754937 1.541079 0.749937 1.546079 1 P 0
L 0.749937 1.546079 0.734937 1.546079 1 P 0
L 0.734937 1.546079 0.729937 1.541079 1 P 0
L 0.729937 1.541079 0.729937 1.536079 1 P 0
L 0.729937 1.536079 0.734937 1.531079 1 P 0
L 0.734937 1.531079 0.729937 1.526079 1 P 0
L 0.729937 1.526079 0.729937 1.521079 1 P 0
L 0.729937 1.521079 0.734937 1.516079 1 P 0
L 0.734937 1.516079 0.749937 1.516079 1 P 0
L 0.749937 1.516079 0.754937 1.521079 1 P 0
L 0.744937 1.531079 0.734937 1.531079 1 P 0
L 0.793701 1.463386 0.793701 1.163386 1 P 0
L 0.793701 1.163386 0.843701 1.113386 1 P 0
L 0.843701 1.113386 0.943701 1.113386 1 P 0
L 0.943701 1.113386 0.993701 1.163386 1 P 0
L 0.993701 1.163386 0.993701 1.463386 1 P 0
L 0.993701 1.463386 0.943701 1.513386 1 P 0
L 0.943701 1.513386 0.843701 1.513386 1 P 0
L 0.843701 1.513386 0.793701 1.463386 1 P 0
L 0.812732 1.635354 0.842732 1.605354 1 P 0
L 0.842732 1.635354 0.812732 1.605354 1 P 0
L 0.817732 1.590354 0.812732 1.585354 1 P 0
L 0.812732 1.585354 0.812732 1.570354 1 P 0
L 0.812732 1.570354 0.817732 1.565354 1 P 0
L 0.817732 1.565354 0.822732 1.565354 1 P 0
L 0.822732 1.565354 0.827732 1.570354 1 P 0
L 0.827732 1.570354 0.827732 1.585354 1 P 0
L 0.827732 1.585354 0.832732 1.590354 1 P 0
L 0.832732 1.590354 0.842732 1.590354 1 P 0
L 0.842732 1.590354 0.842732 1.565354 1 P 0
L 0.968504 1.677165 1 1.677165 0 P 0
L 0.935827 1.702496 0.905827 1.702496 1 P 0
L 0.905827 1.702496 0.905827 1.677496 1 P 0
L 0.905827 1.677496 0.910827 1.672496 1 P 0
L 0.910827 1.672496 0.915827 1.672496 1 P 0
L 0.915827 1.672496 0.920827 1.677496 1 P 0
L 0.920827 1.677496 0.920827 1.702496 1 P 0
L 0.920827 1.677496 0.925827 1.672496 1 P 0
L 0.925827 1.672496 0.935827 1.672496 1 P 0
L 0.910827 1.632496 0.905827 1.637496 1 P 0
L 0.905827 1.637496 0.905827 1.652496 1 P 0
L 0.905827 1.652496 0.910827 1.657496 1 P 0
L 0.910827 1.657496 0.930827 1.657496 1 P 0
L 0.930827 1.657496 0.935827 1.652496 1 P 0
L 0.935827 1.652496 0.935827 1.637496 1 P 0
L 0.935827 1.637496 0.930827 1.632496 1 P 0
L 0.930827 1.632496 0.925827 1.632496 1 P 0
L 0.925827 1.632496 0.920827 1.637496 1 P 0
L 0.920827 1.637496 0.920827 1.657496 1 P 0
L 0.95611 0.889181 0.924614 0.889181 0 P 0
L 1.006735 0.916244 0.976735 0.916244 1 P 0
L 0.976735 0.916244 0.976735 0.891244 1 P 0
L 0.976735 0.891244 0.981735 0.886244 1 P 0
L 0.981735 0.886244 0.986735 0.886244 1 P 0
L 0.986735 0.886244 0.991735 0.891244 1 P 0
L 0.991735 0.891244 0.991735 0.916244 1 P 0
L 0.991735 0.891244 0.996735 0.886244 1 P 0
L 0.996735 0.886244 1.006735 0.886244 1 P 0
L 0.976735 0.871244 0.976735 0.846244 1 P 0
L 0.976735 0.846244 0.981735 0.846244 1 P 0
L 0.981735 0.846244 1.006735 0.871244 1 P 0
L 0.846457 1 0.877953 1 0 P 0
L 0.877492 0.911913 0.847492 0.911913 1 P 0
L 0.847492 0.911913 0.847492 0.886913 1 P 0
L 0.847492 0.886913 0.852492 0.881913 1 P 0
L 0.852492 0.881913 0.857492 0.881913 1 P 0
L 0.857492 0.881913 0.862492 0.886913 1 P 0
L 0.862492 0.886913 0.862492 0.911913 1 P 0
L 0.862492 0.886913 0.867492 0.881913 1 P 0
L 0.867492 0.881913 0.877492 0.881913 1 P 0
L 0.862492 0.861913 0.857492 0.866913 1 P 0
L 0.857492 0.866913 0.852492 0.866913 1 P 0
L 0.852492 0.866913 0.847492 0.861913 1 P 0
L 0.847492 0.861913 0.847492 0.846913 1 P 0
L 0.847492 0.846913 0.852492 0.841913 1 P 0
L 0.852492 0.841913 0.857492 0.841913 1 P 0
L 0.857492 0.841913 0.862492 0.846913 1 P 0
L 0.862492 0.846913 0.862492 0.861913 1 P 0
L 0.862492 0.861913 0.867492 0.866913 1 P 0
L 0.867492 0.866913 0.872492 0.866913 1 P 0
L 0.872492 0.866913 0.877492 0.861913 1 P 0
L 0.877492 0.861913 0.877492 0.846913 1 P 0
L 0.877492 0.846913 0.872492 0.841913 1 P 0
L 0.872492 0.841913 0.867492 0.841913 1 P 0
L 0.867492 0.841913 0.862492 0.846913 1 P 0
L 0.69685 0.96063 0.728346 0.96063 0 P 0
L 0.683606 0.916992 0.653606 0.916992 1 P 0
L 0.653606 0.916992 0.653606 0.891992 1 P 0
L 0.653606 0.891992 0.658606 0.886992 1 P 0
L 0.658606 0.886992 0.663606 0.886992 1 P 0
L 0.663606 0.886992 0.668606 0.891992 1 P 0
L 0.668606 0.891992 0.668606 0.916992 1 P 0
L 0.668606 0.891992 0.673606 0.886992 1 P 0
L 0.673606 0.886992 0.683606 0.886992 1 P 0
L 0.663606 0.846992 0.668606 0.851992 1 P 0
L 0.668606 0.851992 0.668606 0.866992 1 P 0
L 0.668606 0.866992 0.663606 0.871992 1 P 0
L 0.663606 0.871992 0.658606 0.871992 1 P 0
L 0.658606 0.871992 0.653606 0.866992 1 P 0
L 0.653606 0.866992 0.653606 0.851992 1 P 0
L 0.653606 0.851992 0.658606 0.846992 1 P 0
L 0.658606 0.846992 0.678606 0.846992 1 P 0
L 0.678606 0.846992 0.683606 0.851992 1 P 0
L 0.683606 0.851992 0.683606 0.866992 1 P 0
L 1.153543 1.090551 1.122047 1.090551 0 P 0
L 1.151299 1.016693 1.121299 1.016693 1 P 0
L 1.121299 1.016693 1.121299 0.991693 1 P 0
L 1.121299 0.991693 1.126299 0.986693 1 P 0
L 1.126299 0.986693 1.131299 0.986693 1 P 0
L 1.131299 0.986693 1.136299 0.991693 1 P 0
L 1.136299 0.991693 1.136299 1.016693 1 P 0
L 1.136299 0.991693 1.141299 0.986693 1 P 0
L 1.141299 0.986693 1.151299 0.986693 1 P 0
L 1.131299 0.966693 1.121299 0.956693 1 P 0
L 1.121299 0.956693 1.151299 0.956693 1 P 0
L 1.136299 0.926693 1.131299 0.931693 1 P 0
L 1.131299 0.931693 1.126299 0.931693 1 P 0
L 1.126299 0.931693 1.121299 0.926693 1 P 0
L 1.121299 0.926693 1.121299 0.911693 1 P 0
L 1.121299 0.911693 1.126299 0.906693 1 P 0
L 1.126299 0.906693 1.131299 0.906693 1 P 0
L 1.131299 0.906693 1.136299 0.911693 1 P 0
L 1.136299 0.911693 1.136299 0.926693 1 P 0
L 1.136299 0.926693 1.141299 0.931693 1 P 0
L 1.141299 0.931693 1.146299 0.931693 1 P 0
L 1.146299 0.931693 1.151299 0.926693 1 P 0
L 1.151299 0.926693 1.151299 0.911693 1 P 0
L 1.151299 0.911693 1.146299 0.906693 1 P 0
L 1.146299 0.906693 1.141299 0.906693 1 P 0
L 1.141299 0.906693 1.136299 0.911693 1 P 0
L 0.799213 1 0.767717 1 0 P 0
L 0.76585 1.060173 0.76585 1.090173 1 P 0
L 0.76585 1.090173 0.74085 1.090173 1 P 0
L 0.74085 1.090173 0.73585 1.085173 1 P 0
L 0.73585 1.085173 0.73585 1.080173 1 P 0
L 0.73585 1.080173 0.74085 1.075173 1 P 0
L 0.74085 1.075173 0.76585 1.075173 1 P 0
L 0.74085 1.075173 0.73585 1.070173 1 P 0
L 0.73585 1.070173 0.73585 1.060173 1 P 0
L 0.72085 1.085173 0.71585 1.090173 1 P 0
L 0.71585 1.090173 0.70085 1.090173 1 P 0
L 0.70085 1.090173 0.69585 1.085173 1 P 0
L 0.69585 1.085173 0.69585 1.080173 1 P 0
L 0.69585 1.080173 0.70085 1.075173 1 P 0
L 0.70085 1.075173 0.71585 1.075173 1 P 0
L 0.71585 1.075173 0.72085 1.070173 1 P 0
L 0.72085 1.070173 0.72085 1.060173 1 P 0
L 0.72085 1.060173 0.69585 1.060173 1 P 0
L 0.67585 1.080173 0.66585 1.090173 1 P 0
L 0.66585 1.090173 0.66585 1.060173 1 P 0
L 0.956693 1 0.925197 1 0 P 0
L 0.993756 1.142 0.963756 1.142 1 P 0
L 0.963756 1.142 0.963756 1.117 1 P 0
L 0.963756 1.117 0.968756 1.112 1 P 0
L 0.968756 1.112 0.973756 1.112 1 P 0
L 0.973756 1.112 0.978756 1.117 1 P 0
L 0.978756 1.117 0.978756 1.142 1 P 0
L 0.978756 1.117 0.983756 1.112 1 P 0
L 0.983756 1.112 0.993756 1.112 1 P 0
L 0.968756 1.097 0.963756 1.092 1 P 0
L 0.963756 1.092 0.963756 1.077 1 P 0
L 0.963756 1.077 0.968756 1.072 1 P 0
L 0.968756 1.072 0.973756 1.072 1 P 0
L 0.973756 1.072 0.978756 1.077 1 P 0
L 0.978756 1.077 0.978756 1.092 1 P 0
L 0.978756 1.092 0.983756 1.097 1 P 0
L 0.983756 1.097 0.993756 1.097 1 P 0
L 0.993756 1.097 0.993756 1.072 1 P 0
L 0.968756 1.057 0.963756 1.052 1 P 0
L 0.963756 1.052 0.963756 1.037 1 P 0
L 0.963756 1.037 0.968756 1.032 1 P 0
L 0.968756 1.032 0.973756 1.032 1 P 0
L 0.973756 1.032 0.978756 1.037 1 P 0
L 0.978756 1.037 0.978756 1.052 1 P 0
L 0.978756 1.052 0.983756 1.057 1 P 0
L 0.983756 1.057 0.993756 1.057 1 P 0
L 0.993756 1.057 0.993756 1.032 1 P 0
L 0.968504 1.555118 1 1.555118 0 P 0
L 0.911567 1.610118 0.881567 1.610118 1 P 0
L 0.881567 1.610118 0.881567 1.585118 1 P 0
L 0.881567 1.585118 0.886567 1.580118 1 P 0
L 0.886567 1.580118 0.891567 1.580118 1 P 0
L 0.891567 1.580118 0.896567 1.585118 1 P 0
L 0.896567 1.585118 0.896567 1.610118 1 P 0
L 0.896567 1.585118 0.901567 1.580118 1 P 0
L 0.901567 1.580118 0.911567 1.580118 1 P 0
L 0.886567 1.565118 0.881567 1.560118 1 P 0
L 0.881567 1.560118 0.881567 1.545118 1 P 0
L 0.881567 1.545118 0.886567 1.540118 1 P 0
L 0.886567 1.540118 0.891567 1.540118 1 P 0
L 0.891567 1.540118 0.896567 1.545118 1 P 0
L 0.896567 1.545118 0.896567 1.560118 1 P 0
L 0.896567 1.560118 0.901567 1.565118 1 P 0
L 0.901567 1.565118 0.911567 1.565118 1 P 0
L 0.911567 1.565118 0.911567 1.540118 1 P 0
L 0.886567 1.525118 0.881567 1.520118 1 P 0
L 0.881567 1.520118 0.881567 1.505118 1 P 0
L 0.881567 1.505118 0.886567 1.500118 1 P 0
L 0.886567 1.500118 0.891567 1.500118 1 P 0
L 0.891567 1.500118 0.896567 1.505118 1 P 0
L 0.896567 1.505118 0.901567 1.500118 1 P 0
L 0.901567 1.500118 0.906567 1.500118 1 P 0
L 0.906567 1.500118 0.911567 1.505118 1 P 0
L 0.911567 1.505118 0.911567 1.520118 1 P 0
L 0.911567 1.520118 0.906567 1.525118 1 P 0
L 0.896567 1.515118 0.896567 1.505118 1 P 0
L 0.641732 0.96063 0.610236 0.96063 0 P 0
L 0.601236 1.115394 0.577236 1.115394 1 P 0
L 0.577236 1.115394 0.577236 1.096644 1 P 0
L 0.577236 1.096644 0.581236 1.092894 1 P 0
L 0.581236 1.092894 0.585236 1.092894 1 P 0
L 0.585236 1.092894 0.589236 1.096644 1 P 0
L 0.589236 1.096644 0.589236 1.115394 1 P 0
L 0.589236 1.096644 0.593236 1.092894 1 P 0
L 0.593236 1.092894 0.601236 1.092894 1 P 0
L 0.581236 1.081644 0.577236 1.077894 1 P 0
L 0.577236 1.077894 0.577236 1.066644 1 P 0
L 0.577236 1.066644 0.581236 1.062894 1 P 0
L 0.581236 1.062894 0.585236 1.062894 1 P 0
L 0.585236 1.062894 0.589236 1.066644 1 P 0
L 0.589236 1.066644 0.589236 1.077894 1 P 0
L 0.589236 1.077894 0.593236 1.081644 1 P 0
L 0.593236 1.081644 0.601236 1.081644 1 P 0
L 0.601236 1.081644 0.601236 1.062894 1 P 0
L 0.597236 1.055394 0.581236 1.055394 1 P 0
L 0.581236 1.055394 0.577236 1.051644 1 P 0
L 0.577236 1.051644 0.577236 1.036644 1 P 0
L 0.577236 1.036644 0.581236 1.032894 1 P 0
L 0.581236 1.032894 0.597236 1.032894 1 P 0
L 0.597236 1.032894 0.601236 1.036644 1 P 0
L 0.601236 1.036644 0.601236 1.051644 1 P 0
L 0.601236 1.051644 0.597236 1.055394 1 P 0
L 0.601236 1.055394 0.577236 1.032894 1 P 0
L 0.866946 0.606803 0.896946 0.606803 1 P 0
L 0.896946 0.606803 0.902946 0.600553 1 P 0
L 0.902946 0.600553 0.902946 0.575553 1 P 0
L 0.902946 0.575553 0.896946 0.569303 1 P 0
L 0.896946 0.569303 0.866946 0.569303 1 P 0
L 0.872946 0.550553 0.866946 0.544303 1 P 0
L 0.866946 0.544303 0.866946 0.525553 1 P 0
L 0.866946 0.525553 0.872946 0.519303 1 P 0
L 0.872946 0.519303 0.878946 0.519303 1 P 0
L 0.878946 0.519303 0.884946 0.525553 1 P 0
L 0.884946 0.525553 0.890946 0.519303 1 P 0
L 0.890946 0.519303 0.896946 0.519303 1 P 0
L 0.896946 0.519303 0.902946 0.525553 1 P 0
L 0.902946 0.525553 0.902946 0.544303 1 P 0
L 0.902946 0.544303 0.896946 0.550553 1 P 0
L 0.884946 0.538053 0.884946 0.525553 1 P 0
L 0.896946 0.506803 0.872946 0.506803 1 P 0
L 0.872946 0.506803 0.866946 0.500553 1 P 0
L 0.866946 0.500553 0.866946 0.475553 1 P 0
L 0.866946 0.475553 0.872946 0.469303 1 P 0
L 0.872946 0.469303 0.896946 0.469303 1 P 0
L 0.896946 0.469303 0.902946 0.475553 1 P 0
L 0.902946 0.475553 0.902946 0.500553 1 P 0
L 0.902946 0.500553 0.896946 0.506803 1 P 0
L 0.902946 0.506803 0.866946 0.469303 1 P 0
L 0.779528 0.037402 0.661417 0.037402 0 P 0
L 0.779528 0.246063 0.661417 0.246063 0 P 0
L 0.567559 0.066108 0.567559 0.096108 1 P 0
L 0.567559 0.096108 0.537559 0.096108 1 P 0
L 0.567559 0.081108 0.547559 0.081108 1 P 0
L 0.517559 0.086108 0.507559 0.096108 1 P 0
L 0.507559 0.096108 0.507559 0.066108 1 P 0
L 0.473646 0.191748 0.473646 0.05789 0 P 0
L 0.554354 0.191748 0.554354 0.05789 0 P 0
L 0.436913 0.13728 0.441913 0.14228 1 P 0
L 0.441913 0.14228 0.441913 0.15728 1 P 0
L 0.441913 0.15728 0.431913 0.16728 1 P 0
L 0.431913 0.16728 0.421913 0.16728 1 P 0
L 0.421913 0.16728 0.411913 0.15728 1 P 0
L 0.411913 0.15728 0.411913 0.14228 1 P 0
L 0.411913 0.14228 0.416913 0.13728 1 P 0
L 0.416913 0.12228 0.411913 0.11728 1 P 0
L 0.411913 0.11728 0.411913 0.10228 1 P 0
L 0.411913 0.10228 0.416913 0.09728 1 P 0
L 0.416913 0.09728 0.421913 0.09728 1 P 0
L 0.421913 0.09728 0.426913 0.10228 1 P 0
L 0.426913 0.10228 0.426913 0.11728 1 P 0
L 0.426913 0.11728 0.431913 0.12228 1 P 0
L 0.431913 0.12228 0.441913 0.12228 1 P 0
L 0.441913 0.12228 0.441913 0.09728 1 P 0
L 1.120079 0.759843 1.143701 0.759843 0 P 0
L 1.143701 0.759843 1.143701 0.637795 0 P 0
L 1.143701 0.637795 1.120079 0.637795 0 P 0
L 1.120079 0.637795 1.120079 0.759843 0 P 0
L 1.006362 0.745138 0.996362 0.730138 1 P 0
L 0.996362 0.730138 0.996362 0.715138 1 P 0
L 0.996362 0.715138 1.006362 0.700138 1 P 0
L 1.006362 0.700138 1.016362 0.700138 1 P 0
L 1.016362 0.700138 1.026362 0.715138 1 P 0
L 1.026362 0.715138 1.026362 0.730138 1 P 0
L 1.026362 0.730138 1.016362 0.745138 1 P 0
L 1.016362 0.745138 1.006362 0.745138 1 P 0
L 1.016362 0.715138 1.026362 0.700138 1 P 0
L 1.006362 0.670138 0.996362 0.655138 1 P 0
L 0.996362 0.655138 1.026362 0.655138 1 P 0
L 1.120079 0.61811 1.143701 0.61811 0 P 0
L 1.143701 0.61811 1.143701 0.496063 0 P 0
L 1.143701 0.496063 1.120079 0.496063 0 P 0
L 1.120079 0.496063 1.120079 0.61811 0 P 0
L 1.311654 0.608957 1.301654 0.618957 1 P 0
L 1.301654 0.618957 1.291654 0.618957 1 P 0
L 1.291654 0.618957 1.281654 0.608957 1 P 0
L 1.281654 0.608957 1.281654 0.598957 1 P 0
L 1.281654 0.598957 1.291654 0.588957 1 P 0
L 1.291654 0.588957 1.301654 0.588957 1 P 0
L 1.301654 0.588957 1.311654 0.598957 1 P 0
L 1.311654 0.598957 1.311654 0.608957 1 P 0
L 1.291654 0.598957 1.281654 0.588957 1 P 0
L 1.266654 0.613957 1.261654 0.618957 1 P 0
L 1.261654 0.618957 1.246654 0.618957 1 P 0
L 1.246654 0.618957 1.241654 0.613957 1 P 0
L 1.241654 0.613957 1.241654 0.608957 1 P 0
L 1.241654 0.608957 1.246654 0.603957 1 P 0
L 1.246654 0.603957 1.261654 0.603957 1 P 0
L 1.261654 0.603957 1.266654 0.598957 1 P 0
L 1.266654 0.598957 1.266654 0.588957 1 P 0
L 1.266654 0.588957 1.241654 0.588957 1 P 0
L 1.117301 0.464567 1.140923 0.464567 0 P 0
L 1.140923 0.464567 1.140923 0.34252 0 P 0
L 1.140923 0.34252 1.117301 0.34252 0 P 0
L 1.117301 0.34252 1.117301 0.464567 0 P 0
L 1.011907 0.399862 1.001907 0.389862 1 P 0
L 1.001907 0.389862 1.001907 0.379862 1 P 0
L 1.001907 0.379862 1.011907 0.369862 1 P 0
L 1.011907 0.369862 1.021907 0.369862 1 P 0
L 1.021907 0.369862 1.031907 0.379862 1 P 0
L 1.031907 0.379862 1.031907 0.389862 1 P 0
L 1.031907 0.389862 1.021907 0.399862 1 P 0
L 1.021907 0.399862 1.011907 0.399862 1 P 0
L 1.021907 0.379862 1.031907 0.369862 1 P 0
L 1.006907 0.354862 1.001907 0.349862 1 P 0
L 1.001907 0.349862 1.001907 0.334862 1 P 0
L 1.001907 0.334862 1.006907 0.329862 1 P 0
L 1.006907 0.329862 1.011907 0.329862 1 P 0
L 1.011907 0.329862 1.016907 0.334862 1 P 0
L 1.016907 0.334862 1.021907 0.329862 1 P 0
L 1.021907 0.329862 1.026907 0.329862 1 P 0
L 1.026907 0.329862 1.031907 0.334862 1 P 0
L 1.031907 0.334862 1.031907 0.349862 1 P 0
L 1.031907 0.349862 1.026907 0.354862 1 P 0
L 1.016907 0.344862 1.016907 0.334862 1 P 0
L 1.116142 0.330709 1.139764 0.330709 0 P 0
L 1.139764 0.330709 1.139764 0.208661 0 P 0
L 1.139764 0.208661 1.116142 0.208661 0 P 0
L 1.116142 0.208661 1.116142 0.330709 0 P 0
L 1.109173 0.175453 1.099173 0.165453 1 P 0
L 1.099173 0.165453 1.099173 0.155453 1 P 0
L 1.099173 0.155453 1.109173 0.145453 1 P 0
L 1.109173 0.145453 1.119173 0.145453 1 P 0
L 1.119173 0.145453 1.129173 0.155453 1 P 0
L 1.129173 0.155453 1.129173 0.165453 1 P 0
L 1.129173 0.165453 1.119173 0.175453 1 P 0
L 1.119173 0.175453 1.109173 0.175453 1 P 0
L 1.119173 0.155453 1.129173 0.145453 1 P 0
L 1.119173 0.105453 1.119173 0.135453 1 P 0
L 1.119173 0.135453 1.099173 0.115453 1 P 0
L 1.099173 0.115453 1.129173 0.115453 1 P 0
L 0.933561 1.743094 0.963561 1.773094 1 P 0
L 0.963561 1.743094 0.933561 1.773094 1 P 0
L 0.963561 1.783094 0.933561 1.783094 1 P 0
L 0.933561 1.783094 0.933561 1.808094 1 P 0
L 0.933561 1.808094 0.938561 1.813094 1 P 0
L 0.938561 1.813094 0.943561 1.813094 1 P 0
L 0.943561 1.813094 0.948561 1.808094 1 P 0
L 0.948561 1.808094 0.953561 1.813094 1 P 0
L 0.953561 1.813094 0.958561 1.813094 1 P 0
L 0.958561 1.813094 0.963561 1.808094 1 P 0
L 0.963561 1.808094 0.963561 1.783094 1 P 0
L 0.948561 1.783094 0.948561 1.808094 1 P 0
L 0.963561 1.863094 0.943561 1.863094 1 P 0
L 0.943561 1.863094 0.933561 1.873094 1 P 0
L 0.933561 1.873094 0.933561 1.883094 1 P 0
L 0.933561 1.883094 0.943561 1.893094 1 P 0
L 0.943561 1.893094 0.963561 1.893094 1 P 0
L 0.953561 1.863094 0.953561 1.893094 1 P 0
L 0.933561 1.903094 0.948561 1.903094 1 P 0
L 0.948561 1.903094 0.963561 1.918094 1 P 0
L 0.963561 1.918094 0.948561 1.933094 1 P 0
L 0.948561 1.933094 0.933561 1.933094 1 P 0
L 0.963561 1.943094 0.933561 1.943094 1 P 0
L 0.933561 1.943094 0.933561 1.968094 1 P 0
L 0.933561 1.968094 0.938561 1.973094 1 P 0
L 0.938561 1.973094 0.943561 1.973094 1 P 0
L 0.943561 1.973094 0.948561 1.968094 1 P 0
L 0.948561 1.968094 0.948561 1.943094 1 P 0
L 0.948561 1.968094 0.953561 1.973094 1 P 0
L 0.953561 1.973094 0.963561 1.973094 1 P 0
L 0.933561 2.003094 0.948561 1.988094 1 P 0
L 0.948561 1.988094 0.963561 2.003094 1 P 0
L 0.948561 2.028094 0.948561 2.053094 1 P 0
L 0.34415 1.761435 0.31415 1.761435 1 P 0
L 0.31415 1.761435 0.31415 1.791435 1 P 0
L 0.32915 1.761435 0.32915 1.781435 1 P 0
L 0.31415 1.801435 0.31415 1.831435 1 P 0
L 0.31415 1.816435 0.34415 1.816435 1 P 0
L 0.34415 1.881435 0.32415 1.881435 1 P 0
L 0.32415 1.881435 0.31415 1.891435 1 P 0
L 0.31415 1.891435 0.31415 1.901435 1 P 0
L 0.31415 1.901435 0.32415 1.911435 1 P 0
L 0.32415 1.911435 0.34415 1.911435 1 P 0
L 0.33415 1.881435 0.33415 1.911435 1 P 0
L 0.31415 1.921435 0.32915 1.921435 1 P 0
L 0.32915 1.921435 0.34415 1.936435 1 P 0
L 0.34415 1.936435 0.32915 1.951435 1 P 0
L 0.32915 1.951435 0.31415 1.951435 1 P 0
L 0.34415 1.961435 0.31415 1.961435 1 P 0
L 0.31415 1.961435 0.31415 1.986435 1 P 0
L 0.31415 1.986435 0.31915 1.991435 1 P 0
L 0.31915 1.991435 0.32415 1.991435 1 P 0
L 0.32415 1.991435 0.32915 1.986435 1 P 0
L 0.32915 1.986435 0.32915 1.961435 1 P 0
L 0.32915 1.986435 0.33415 1.991435 1 P 0
L 0.33415 1.991435 0.34415 1.991435 1 P 0
L 0.31415 2.021435 0.32915 2.006435 1 P 0
L 0.32915 2.006435 0.34415 2.021435 1 P 0
L 0.32915 2.046435 0.32915 2.071435 1 P 0
L 0.285843 1.766435 0.285843 1.791435 1 P 0
L 0.270843 1.811435 0.285843 1.826435 1 P 0
L 0.285843 1.826435 0.300843 1.811435 1 P 0
L 0.300843 1.841435 0.270843 1.841435 1 P 0
L 0.270843 1.841435 0.270843 1.871435 1 P 0
L 0.285843 1.841435 0.285843 1.861435 1 P 0
L 0.270843 1.881435 0.270843 1.911435 1 P 0
L 0.270843 1.896435 0.300843 1.896435 1 P 0
L 0.270843 1.961435 0.300843 1.991435 1 P 0
L 0.300843 1.961435 0.270843 1.991435 1 P 0
L 0.300843 2.001435 0.270843 2.001435 1 P 0
L 0.270843 2.001435 0.270843 2.026435 1 P 0
L 0.270843 2.026435 0.275843 2.031435 1 P 0
L 0.275843 2.031435 0.280843 2.031435 1 P 0
L 0.280843 2.031435 0.285843 2.026435 1 P 0
L 0.285843 2.026435 0.290843 2.031435 1 P 0
L 0.290843 2.031435 0.295843 2.031435 1 P 0
L 0.295843 2.031435 0.300843 2.026435 1 P 0
L 0.300843 2.026435 0.300843 2.001435 1 P 0
L 0.285843 2.001435 0.285843 2.026435 1 P 0
L 0.994504 1.754624 0.994504 1.779624 1 P 0
L 0.979504 1.799624 0.994504 1.814624 1 P 0
L 0.994504 1.814624 1.009504 1.799624 1 P 0
L 1.009504 1.829624 0.979504 1.829624 1 P 0
L 0.979504 1.829624 0.979504 1.859624 1 P 0
L 0.994504 1.829624 0.994504 1.849624 1 P 0
L 0.979504 1.869624 0.979504 1.899624 1 P 0
L 0.979504 1.884624 1.009504 1.884624 1 P 0
L 0.979504 1.949624 1.009504 1.979624 1 P 0
L 1.009504 1.949624 0.979504 1.979624 1 P 0
L 1.009504 1.989624 0.979504 1.989624 1 P 0
L 0.979504 1.989624 0.979504 2.014624 1 P 0
L 0.979504 2.014624 0.984504 2.019624 1 P 0
L 0.984504 2.019624 0.989504 2.019624 1 P 0
L 0.989504 2.019624 0.994504 2.014624 1 P 0
L 0.994504 2.014624 0.999504 2.019624 1 P 0
L 0.999504 2.019624 1.004504 2.019624 1 P 0
L 1.004504 2.019624 1.009504 2.014624 1 P 0
L 1.009504 2.014624 1.009504 1.989624 1 P 0
L 0.994504 1.989624 0.994504 2.014624 1 P 0
L 0.242 1.689 0.243 0.973 1 P 0
L 0.243 0.973 0.367 0.973 1 P 0
L 0.242 1.689 0.48 1.745 1 P 0
L 0.48 1.745 0.736 1.745 1 P 0
L 1.019 1.69 1.019 0.97 1 P 0
L 0.555 0.966 1.016 0.969 1 P 0
L 0.737 1.744 1.016 1.691 1 P 0
L 0.835 1.687 0.7975 1.651 1 P 0
L 0.835 1.651 0.7975 1.687 1 P 0
L 0.785 1.651 0.785 1.687 1 P 0
L 0.785 1.687 0.75375 1.687 1 P 0
L 0.75375 1.687 0.7475 1.681 1 P 0
L 0.7475 1.681 0.7475 1.675 1 P 0
L 0.7475 1.675 0.75375 1.669 1 P 0
L 0.75375 1.669 0.7475 1.663 1 P 0
L 0.7475 1.663 0.7475 1.657 1 P 0
L 0.7475 1.657 0.75375 1.651 1 P 0
L 0.75375 1.651 0.785 1.651 1 P 0
L 0.785 1.669 0.75375 1.669 1 P 0
L 0.735 1.663 0.6975 1.663 1 P 0
L 0.6975 1.663 0.6975 1.669 1 P 0
L 0.6975 1.669 0.70375 1.675 1 P 0
L 0.70375 1.675 0.72875 1.675 1 P 0
L 0.72875 1.675 0.735 1.669 1 P 0
L 0.735 1.669 0.735 1.657 1 P 0
L 0.735 1.657 0.72875 1.651 1 P 0
L 0.72875 1.651 0.70375 1.651 1 P 0
L 0.685 1.663 0.6475 1.663 1 P 0
L 0.6475 1.663 0.6475 1.669 1 P 0
L 0.6475 1.669 0.65375 1.675 1 P 0
L 0.65375 1.675 0.67875 1.675 1 P 0
L 0.67875 1.675 0.685 1.669 1 P 0
L 0.685 1.669 0.685 1.657 1 P 0
L 0.685 1.657 0.67875 1.651 1 P 0
L 0.67875 1.651 0.65375 1.651 1 P 0
L 0.635 1.651 0.635 1.687 1 P 0
L 0.635 1.687 0.60375 1.687 1 P 0
L 0.60375 1.687 0.5975 1.681 1 P 0
L 0.5975 1.681 0.5975 1.675 1 P 0
L 0.5975 1.675 0.60375 1.669 1 P 0
L 0.60375 1.669 0.635 1.669 1 P 0
L 0.585 1.651 0.585 1.675 1 P 0
L 0.585 1.669 0.57875 1.675 1 P 0
L 0.57875 1.675 0.55375 1.675 1 P 0
L 0.55375 1.675 0.5475 1.669 1 P 0
L 0.535 1.669 0.52875 1.675 1 P 0
L 0.52875 1.675 0.50375 1.675 1 P 0
L 0.50375 1.675 0.4975 1.669 1 P 0
L 0.4975 1.669 0.4975 1.657 1 P 0
L 0.4975 1.657 0.50375 1.651 1 P 0
L 0.50375 1.651 0.52875 1.651 1 P 0
L 0.52875 1.651 0.535 1.657 1 P 0
L 0.535 1.657 0.535 1.669 1 P 0
L 0.476378 0.629921 0.476378 0.433071 1 P 0
L 0.84252 0.629921 0.476378 0.629921 1 P 0
L 0.84252 0.433071 0.84252 0.629921 1 P 0
L 0.476378 0.433071 0.84252 0.433071 1 P 0
A 0.344835 0.218339 0.344835 0.218339 0.349756 0.218339 2 P 0 Y
A 0.572835 1.450787 0.572835 1.450787 0.584646 1.450787 3 P 0 Y
A 0.684055 1.51378 0.684055 1.51378 0.688976 1.51378 2 P 0 Y
A 0.818898 0.452756 0.818898 0.452756 0.822835 0.452756 1 P 0 Y
A 0.461835 0.217339 0.461835 0.217339 0.466756 0.217339 2 P 0 Y
A 1.07185 0.627953 1.07185 0.627953 1.076772 0.627953 2 P 0 Y
A 1.07185 0.48622 1.07185 0.48622 1.076772 0.48622 2 P 0 Y
A 1.069073 0.332677 1.069073 0.332677 1.073994 0.332677 2 P 0 Y
A 1.067913 0.198819 1.067913 0.198819 1.072835 0.198819 2 P 0 Y
