# XDBGEN converter version 211
CMP 2 1.291339 1.693 0 N R10 PartName
TOP 0 1.291339 1.693 0 N 44 8 1
TOP 1 1.212598 1.693 0 N 7 3 2
CMP 2 1.291339 1.793 0 N R11 PartName
TOP 0 1.291339 1.793 0 N 57 0 1
TOP 1 1.212598 1.793 0 N 9 3 2
CMP 2 1.291339 1.888 0 N R13 PartName
TOP 0 1.291339 1.888 0 N 72 27 1
TOP 1 1.212598 1.888 0 N 8 4 2
CMP 2 1.291339 1.599299 0 N R91 PartName
TOP 0 1.291339 1.599299 0 N 73 8 1
TOP 1 1.212598 1.599299 0 N 10 6 2
CMP 5 0.085 0.397 -90 N U2 PartName
TOP 0 0.085 0.306 -90 N 62 271 1
TOP 1 0.085 0.397 -90 N 34 35 2
TOP 2 0.085 0.488 -90 N 74 111 3
TOP 3 0.333 0.397 0 N 34 36 4
CMP 8 0.397 0.177 -270 N C4 PartName
TOP 0 0.397 0.177 0 N 34 37 1
TOP 1 0.397 0.074638 0 N 62 274 2
CMP 10 0.507874 1.692913 0 N R1 PartName
TOP 0 0.507874 1.692913 0 N 71 32 1
TOP 1 0.444882 1.692913 0 N 74 114 2
CMP 12 0.442016 1.637795 0 N C5 PartName
TOP 0 0.442016 1.637795 0 N 74 115 1
TOP 1 0.374016 1.637795 0 N 62 277 2
CMP 14 0.519685 1.385827 0 N U3 PartName
TOP 0 0.669291 1.480315 -90 N 52 0 1
TOP 1 0.669291 1.448819 -90 N 53 8 2
TOP 2 0.669291 1.417323 -90 N 62 280 3
TOP 3 0.669291 1.385827 -90 N 74 117 4
TOP 4 0.669291 1.354331 -90 N 62 281 5
TOP 5 0.669291 1.322835 -90 N 74 118 6
TOP 6 0.669291 1.291339 -90 N 12 7 7
TOP 7 0.669291 1.259843 -90 N 11 7 8
TOP 8 0.614173 1.204724 0 N 54 6 9
TOP 9 0.582677 1.204724 0 N 55 5 10
TOP 10 0.551181 1.204724 0 N 56 4 11
TOP 11 0.519685 1.204724 0 N 77 16 12
TOP 12 0.488189 1.204724 0 N 77 17 13
TOP 13 0.456693 1.204724 0 N 47 0 14
TOP 14 0.425197 1.204724 0 N 48 9 15
TOP 15 0.393701 1.204724 0 N 49 3 16
TOP 16 0.338583 1.259843 -90 N 50 15 17
TOP 17 0.338583 1.291339 -90 N 74 119 18
TOP 18 0.338583 1.322835 -90 N 41 0 19
TOP 19 0.338583 1.354331 -90 N 43 0 20
TOP 20 0.338583 1.385827 -90 N 62 282 21
TOP 21 0.338583 1.417323 -90 N 42 0 22
TOP 22 0.338583 1.448819 -90 N 35 16 23
TOP 23 0.338583 1.480315 -90 N 36 7 24
TOP 24 0.393701 1.535433 0 N 37 4 25
TOP 25 0.425197 1.535433 0 N 38 7 26
TOP 26 0.456693 1.535433 0 N 39 5 27
TOP 27 0.488189 1.535433 0 N 40 0 28
TOP 28 0.519685 1.535433 0 N 71 33 29
TOP 29 0.551181 1.535433 0 N 45 9 30
TOP 30 0.582677 1.535433 0 N 46 13 31
TOP 31 0.614173 1.535433 0 N 51 0 32
CMP 15 0.893701 1.413386 90 N X2 PartName
TOP 0 0.893701 1.413386 90 N 12 8 1
TOP 1 0.893701 1.213386 90 N 11 8 2
CMP 10 0.984252 1.708661 90 N R6 PartName
TOP 0 0.984252 1.708661 90 N 2 3 1
TOP 1 0.984252 1.645669 90 N 67 6 2
CMP 10 0.940362 0.857685 270 N R7 PartName
TOP 0 0.940362 0.857685 270 N 3 11 1
TOP 1 0.940362 0.920677 270 N 68 16 2
CMP 10 0.862205 1.031496 90 N R8 PartName
TOP 0 0.862205 1.031496 90 N 4 9 1
TOP 1 0.862205 0.968504 90 N 69 9 2
CMP 10 0.712598 0.992126 90 N R9 PartName
TOP 0 0.712598 0.992126 90 N 5 14 1
TOP 1 0.712598 0.929134 90 N 70 13 2
CMP 10 1.137795 1.059055 -90 N R18 PartName
TOP 0 1.137795 1.059055 -90 N 6 3 1
TOP 1 1.137795 1.122047 -90 N 58 0 2
CMP 10 0.783465 0.968504 -90 N R21 PartName
TOP 0 0.783465 0.968504 -90 N 69 10 1
TOP 1 0.783465 1.031496 -90 N 55 6 2
CMP 10 0.940945 0.968504 -90 N R22 PartName
TOP 0 0.940945 0.968504 -90 N 68 17 1
TOP 1 0.940945 1.031496 -90 N 54 7 2
CMP 10 0.984252 1.586614 90 N R23 PartName
TOP 0 0.984252 1.586614 90 N 67 7 1
TOP 1 0.984252 1.523622 90 N 53 9 2
CMP 10 0.625984 0.929134 -90 N R20 PartName
TOP 0 0.625984 0.929134 -90 N 70 14 1
TOP 1 0.625984 0.992126 -90 N 56 5 2
CMP 18 0.822835 0.393701 -90 N U30 PartName
TOP 0 0.822835 0.393701 -180 N 61 28 1
TOP 1 0.797244 0.393701 -180 N 59 10 2
TOP 2 0.771654 0.393701 -180 N 77 18 3
TOP 3 0.746063 0.393701 -180 N 74 126 4
TOP 4 0.720472 0.393701 -180 N 60 31 5
TOP 5 0.694882 0.393701 -180 N 77 19 6
TOP 6 0.669291 0.393701 -180 N 62 290 7
TOP 7 0.643701 0.393701 -180 N 29 3 8
TOP 8 0.61811 0.393701 -180 N 77 20 9
TOP 9 0.59252 0.393701 -180 N 77 21 10
TOP 10 0.566929 0.393701 -180 N 77 22 11
TOP 11 0.541339 0.393701 -180 N 77 23 12
TOP 12 0.515748 0.393701 -180 N 77 24 13
TOP 13 0.490157 0.393701 -180 N 77 25 14
TOP 14 0.490157 0.669291 -180 N 28 5 15
TOP 15 0.515748 0.669291 -180 N 26 4 16
TOP 16 0.541339 0.669291 -180 N 77 26 17
TOP 17 0.566929 0.669291 -180 N 62 291 18
TOP 18 0.59252 0.669291 -180 N 77 27 19
TOP 19 0.61811 0.669291 -180 N 74 127 20
TOP 20 0.643701 0.669291 -180 N 62 292 21
TOP 21 0.669291 0.669291 -180 N 23 11 22
TOP 22 0.694882 0.669291 -180 N 21 11 23
TOP 23 0.720472 0.669291 -180 N 29 4 24
TOP 24 0.746063 0.669291 -180 N 62 293 25
TOP 25 0.771654 0.669291 -180 N 62 294 26
TOP 26 0.797244 0.669291 -180 N 77 28 27
TOP 27 0.822835 0.669291 -180 N 77 29 28
CMP 21 0.822835 0.141732 0 N F1 PartName
TOP 0 0.822835 0.141732 0 N 30 9 1
TOP 1 0.61811 0.141732 0 N 31 5 2
CMP 8 0.514 0.176 90 N C2 PartName
TOP 0 0.514 0.176 0 N 74 131 1
TOP 1 0.514 0.073638 0 N 62 301 2
CMP 24 1.086614 0.698819 -180 N Q1 PartName
TOP 0 1.086614 0.661417 -270 N 67 8 1
TOP 1 1.086614 0.73622 -270 N 62 304 2
TOP 2 1.177165 0.698819 -270 N 15 5 3
CMP 24 1.086614 0.557087 180 N Q2 PartName
TOP 0 1.086614 0.519685 90 N 68 18 1
TOP 1 1.086614 0.594488 90 N 62 305 2
TOP 2 1.177165 0.557087 90 N 16 5 3
CMP 24 1.083837 0.403543 -180 N Q3 PartName
TOP 0 1.083837 0.366142 -270 N 69 11 1
TOP 1 1.083837 0.440945 -270 N 62 306 2
TOP 2 1.174388 0.403543 -270 N 17 7 3
CMP 24 1.082677 0.269685 -180 N Q4 PartName
TOP 0 1.082677 0.232283 -270 N 70 15 1
TOP 1 1.082677 0.307087 -270 N 62 307 2
TOP 2 1.173228 0.269685 -270 N 18 4 3
