# XDBGEN converter version 211
CMP 0 -1.232543 0.862961 -270 N J12 PartName
TOP 0 -1.232543 0.862961 270 N 73 306 1
TOP 1 -1.232543 0.762961 270 N 156 175 2
TOP 2 -1.232543 0.662961 270 N 159 0 3
TOP 3 -1.232543 0.562961 270 N 129 6 4
TOP 4 -1.232543 0.462961 270 N 158 3 5
TOP 5 -1.232543 0.362961 270 N 28 72 6
TOP 6 -1.232543 0.262961 270 N 62 6 7
TOP 7 -1.232543 0.162961 270 N 63 4 8
TOP 8 -1.232543 0.062961 270 N 50 28 9
TOP 9 -1.232543 -0.037039 270 N 51 17 10
TOP 10 -1.232543 -0.137039 270 N 52 34 11
TOP 11 -1.232543 -0.237039 270 N 53 35 12
TOP 12 -1.232543 -0.337039 270 N 54 30 13
TOP 13 -1.232543 -0.437039 270 N 55 54 14
TOP 14 -1.232543 -0.537039 270 N 47 41 15
TOP 15 -1.232543 -0.637039 270 N 72 0 16
TOP 16 -1.232543 -0.737039 270 N 128 32 17
TOP 17 -1.232543 -0.837039 270 N 159 1 18
TOP 18 -1.232543 -0.937039 270 N 74 12 19
TOP 19 -1.232543 -1.037039 270 N 159 2 20
TOP 20 -1.132543 0.862961 270 N 48 2 21
TOP 21 -1.132543 0.762961 270 N 49 3 22
TOP 22 -1.132543 0.662961 270 N 56 3 23
TOP 23 -1.132543 0.562961 270 N 57 3 24
TOP 24 -1.132543 0.462961 270 N 58 3 25
TOP 25 -1.132543 0.362961 270 N 59 3 26
TOP 26 -1.132543 0.262961 270 N 60 2 27
TOP 27 -1.132543 0.162961 270 N 61 3 28
TOP 28 -1.132543 0.062961 270 N 67 3 29
TOP 29 -1.132543 -0.037039 270 N 68 3 30
TOP 30 -1.132543 -0.137039 270 N 69 2 31
TOP 31 -1.132543 -0.237039 270 N 66 3 32
TOP 32 -1.132543 -0.337039 270 N 71 3 33
TOP 33 -1.132543 -0.437039 270 N 70 3 34
TOP 34 -1.132543 -0.537039 270 N 140 3 35
TOP 35 -1.132543 -0.637039 270 N 141 13 36
TOP 36 -1.132543 -0.737039 270 N 139 11 37
TOP 37 -1.132543 -0.837039 270 N 138 5 38
TOP 38 -1.132543 -0.937039 270 N 0 2 39
TOP 39 -1.132543 -1.037039 270 N 1 2 40
CMP 3 1.334386 -0.790582 -180 N R3 PartName
TOP 0 1.334386 -0.790582 180 N 5 4 1
TOP 1 1.255646 -0.790582 180 N 73 307 2
CMP 6 1.18478 0.414143 -270 N C11 PartName
TOP 0 1.18478 0.414143 270 N 156 180 1
TOP 1 1.18478 0.330143 270 N 73 311 2
CMP 3 1.102102 0.10682 90 N R10 PartName
TOP 0 1.102102 0.10682 -90 N 46 1 1
TOP 1 1.102102 0.02808 -90 N 7 2 2
CMP 3 0.833205 0.10782 90 N R11 PartName
TOP 0 0.833205 0.10782 -90 N 64 11 1
TOP 1 0.833205 0.02908 -90 N 9 3 2
CMP 3 1.098165 -0.58192 -90 N R13 PartName
TOP 0 1.098165 -0.58192 90 N 130 6 1
TOP 1 1.098165 -0.50318 90 N 8 3 2
CMP 8 1.834386 -0.353574 -180 N D1 PartName
TOP 0 1.716276 -0.353574 180 N 8 4 1
TOP 1 1.834386 -0.353574 180 N 73 314 2
CMP 8 1.834386 0.040127 -180 N D2 PartName
TOP 0 1.716276 0.040127 180 N 7 3 1
TOP 1 1.834386 0.040127 180 N 73 315 2
CMP 8 1.834386 -0.223653 -180 N D3 PartName
TOP 0 1.716276 -0.223653 180 N 9 4 1
TOP 1 1.834386 -0.223653 180 N 73 316 2
CMP 12 0.440685 -0.558298 -180 N R22 PartName
TOP 0 0.440685 -0.558298 180 N 136 28 1
TOP 1 0.361945 -0.558298 180 N 156 189 2
CMP 3 1.491866 -0.790582 -180 N R43 PartName
TOP 0 1.491866 -0.790582 180 N 28 75 1
TOP 1 1.413126 -0.790582 180 N 6 6 2
CMP 8 1.834386 -0.101606 -180 N D13 PartName
TOP 0 1.716276 -0.101606 180 N 25 3 1
TOP 1 1.834386 -0.101606 180 N 73 341 2
CMP 3 0.944622 0.10782 90 N R91 PartName
TOP 0 0.944622 0.10782 -90 N 142 1 1
TOP 1 0.944622 0.02908 -90 N 25 4 2
CMP 3 -0.323094 -0.72759 -180 N R62 PartName
TOP 0 -0.323094 -0.72759 180 N 73 342 1
TOP 1 -0.401835 -0.72759 180 N 141 15 2
CMP 3 -1.846717 -1.10948 90 N R76 PartName
TOP 0 -1.846717 -1.10948 -90 N 28 76 1
TOP 1 -1.846717 -1.18822 -90 N 74 13 2
CMP 24 1.476087 0.555875 -90 N U2 PartName
TOP 0 1.476087 0.464875 90 N 73 355 1
TOP 1 1.476087 0.555875 90 N 156 201 2
TOP 2 1.476087 0.646875 90 N 157 17 3
TOP 3 1.228087 0.555875 0 N 156 202 4
CMP 8 -0.456953 1.020442 -0 N D4 PartName
TOP 0 -0.338843 1.020442 0 N 26 6 1
TOP 1 -0.456953 1.020442 0 N 73 357 2
CMP 26 -0.323094 0.803906 -90 N R4 PartName
TOP 0 -0.323094 0.803906 90 N 118 18 1
TOP 1 -0.323094 0.866898 90 N 26 7 2
CMP 29 -1.692386 0.533434 -0 N SW2 PartName
TOP 0 -1.889236 0.533434 0 N 144 8 1
TOP 1 -1.889236 0.777528 0 N 159 57 2
TOP 2 -1.692386 0.777528 0 N 73 360 3
TOP 3 -1.692386 0.533434 0 N 159 58 4
CMP 29 -1.329787 0.53304 -0 N SW3 PartName
TOP 0 -1.526638 0.53304 0 N 146 12 1
TOP 1 -1.526638 0.777135 0 N 159 59 2
TOP 2 -1.329787 0.777135 0 N 73 361 3
TOP 3 -1.329787 0.53304 0 N 159 60 4
CMP 29 -1.69278 0.131465 -0 N SW4 PartName
TOP 0 -1.88963 0.131465 0 N 145 2 1
TOP 1 -1.88963 0.37556 0 N 159 61 2
TOP 2 -1.69278 0.37556 0 N 73 362 3
TOP 3 -1.69278 0.131465 0 N 73 363 4
CMP 29 -1.331362 0.131662 -0 N SW5 PartName
TOP 0 -1.528213 0.131662 0 N 147 6 1
TOP 1 -1.528213 0.375757 0 N 159 62 2
TOP 2 -1.331362 0.375757 0 N 73 364 3
TOP 3 -1.331362 0.131662 0 N 159 63 4
CMP 29 -1.694157 -0.557314 -0 N SW6 PartName
TOP 0 -1.891008 -0.557314 0 N 159 64 1
TOP 1 -1.891008 -0.31322 0 N 148 4 2
TOP 2 -1.694157 -0.31322 0 N 73 365 3
TOP 3 -1.694157 -0.557314 0 N 159 65 4
CMP 29 -1.329 -0.557511 -0 N SW7 PartName
TOP 0 -1.52585 -0.557511 0 N 159 66 1
TOP 1 -1.52585 -0.313417 0 N 149 2 2
TOP 2 -1.329 -0.313417 0 N 73 366 3
TOP 3 -1.329 -0.557511 0 N 159 67 4
CMP 29 -1.694157 -0.953377 -0 N SW8 PartName
TOP 0 -1.891008 -0.953377 0 N 150 8 1
TOP 1 -1.891008 -0.709283 0 N 159 68 2
TOP 2 -1.694157 -0.709283 0 N 73 367 3
TOP 3 -1.694157 -0.953377 0 N 159 69 4
CMP 29 -1.329787 -0.952196 -0 N SW9 PartName
TOP 0 -1.526638 -0.952196 0 N 159 70 1
TOP 1 -1.526638 -0.708102 0 N 151 6 2
TOP 2 -1.329787 -0.708102 0 N 73 368 3
TOP 3 -1.329787 -0.952196 0 N 159 71 4
CMP 32 1.739504 0.632646 -270 N J5 PartName
TOP 0 1.739504 0.632646 270 N 157 18 1
TOP 1 1.739504 0.532646 270 N 27 4 2
CMP 26 1.68478 0.355087 -0 N R1 PartName
TOP 0 1.68478 0.355087 0 N 157 19 1
TOP 1 1.747772 0.355087 0 N 32 18 2
CMP 26 1.68478 0.264536 -0 N R5 PartName
TOP 0 1.68478 0.264536 0 N 73 375 1
TOP 1 1.747772 0.264536 0 N 32 19 2
