# XDBGEN converter version 211
#topsilk
$0 r8
$1 r7.874016
$2 r9.84252
@0 .geometry
@1 .drill
@2 .pad_usage
&0  
L -1.603 0.902441 -1.598 0.902441 0 P 0
L -1.598 0.902441 -1.593 0.907441 0 P 0
L -1.593 0.907441 -1.593 0.927441 0 P 0
L -1.593 0.927441 -1.598 0.932441 0 P 0
L -1.598 0.932441 -1.623 0.932441 0 P 0
L -1.613 0.952441 -1.623 0.962441 0 P 0
L -1.623 0.962441 -1.593 0.962441 0 P 0
L -1.618 0.987441 -1.623 0.992441 0 P 0
L -1.623 0.992441 -1.623 1.007441 0 P 0
L -1.623 1.007441 -1.618 1.012441 0 P 0
L -1.618 1.012441 -1.613 1.012441 0 P 0
L -1.613 1.012441 -1.608 1.007441 0 P 0
L -1.608 1.007441 -1.608 0.992441 0 P 0
L -1.608 0.992441 -1.603 0.987441 0 P 0
L -1.603 0.987441 -1.593 0.987441 0 P 0
L -1.593 0.987441 -1.593 1.012441 0 P 0
L 1.017717 -0.759843 1.005906 -0.759843 1 P 0
L 1.017717 -0.814961 1.005906 -0.814961 1 P 0
L 0.946504 -0.88352 0.946504 -0.85352 0 P 0
L 0.946504 -0.85352 0.971504 -0.85352 0 P 0
L 0.971504 -0.85352 0.976504 -0.85852 0 P 0
L 0.976504 -0.85852 0.976504 -0.86352 0 P 0
L 0.976504 -0.86352 0.971504 -0.86852 0 P 0
L 0.971504 -0.86852 0.946504 -0.86852 0 P 0
L 0.971504 -0.86852 0.976504 -0.87352 0 P 0
L 0.976504 -0.87352 0.976504 -0.88352 0 P 0
L 0.991504 -0.85852 0.996504 -0.85352 0 P 0
L 0.996504 -0.85352 1.011504 -0.85352 0 P 0
L 1.011504 -0.85352 1.016504 -0.85852 0 P 0
L 1.016504 -0.85852 1.016504 -0.86352 0 P 0
L 1.016504 -0.86352 1.011504 -0.86852 0 P 0
L 1.011504 -0.86852 1.016504 -0.87352 0 P 0
L 1.016504 -0.87352 1.016504 -0.87852 0 P 0
L 1.016504 -0.87852 1.011504 -0.88352 0 P 0
L 1.011504 -0.88352 0.996504 -0.88352 0 P 0
L 0.996504 -0.88352 0.991504 -0.87852 0 P 0
L 1.001504 -0.86852 1.011504 -0.86852 0 P 0
L 0.924575 0.388323 0.924575 0.361323 0 P 0
L 0.876575 0.388323 0.876575 0.360323 0 P 0
L 0.838157 0.344323 0.843157 0.339323 0 P 0
L 0.843157 0.339323 0.843157 0.324323 0 P 0
L 0.843157 0.324323 0.833157 0.314323 0 P 0
L 0.833157 0.314323 0.823157 0.314323 0 P 0
L 0.823157 0.314323 0.813157 0.324323 0 P 0
L 0.813157 0.324323 0.813157 0.339323 0 P 0
L 0.813157 0.339323 0.818157 0.344323 0 P 0
L 0.823157 0.364323 0.813157 0.374323 0 P 0
L 0.813157 0.374323 0.843157 0.374323 0 P 0
L 0.823157 0.404323 0.813157 0.414323 0 P 0
L 0.813157 0.414323 0.843157 0.414323 0 P 0
L 0.791339 0.076535 0.791339 0.064724 1 P 0
L 0.846457 0.076535 0.846457 0.064724 1 P 0
L 0.907205 -0.005118 0.877205 -0.005118 0 P 0
L 0.877205 -0.005118 0.877205 0.019882 0 P 0
L 0.877205 0.019882 0.882205 0.024882 0 P 0
L 0.882205 0.024882 0.887205 0.024882 0 P 0
L 0.887205 0.024882 0.892205 0.019882 0 P 0
L 0.892205 0.019882 0.892205 -0.005118 0 P 0
L 0.892205 0.019882 0.897205 0.024882 0 P 0
L 0.897205 0.024882 0.907205 0.024882 0 P 0
L 0.887205 0.044882 0.877205 0.054882 0 P 0
L 0.877205 0.054882 0.907205 0.054882 0 P 0
L 0.902205 0.074882 0.882205 0.074882 0 P 0
L 0.882205 0.074882 0.877205 0.079882 0 P 0
L 0.877205 0.079882 0.877205 0.099882 0 P 0
L 0.877205 0.099882 0.882205 0.104882 0 P 0
L 0.882205 0.104882 0.902205 0.104882 0 P 0
L 0.902205 0.104882 0.907205 0.099882 0 P 0
L 0.907205 0.099882 0.907205 0.079882 0 P 0
L 0.907205 0.079882 0.902205 0.074882 0 P 0
L 0.907205 0.074882 0.877205 0.104882 0 P 0
L 0.522441 0.077535 0.522441 0.065724 1 P 0
L 0.577559 0.077535 0.577559 0.065724 1 P 0
L 0.491385 0.011692 0.461385 0.011692 0 P 0
L 0.461385 0.011692 0.461385 0.036692 0 P 0
L 0.461385 0.036692 0.466385 0.041692 0 P 0
L 0.466385 0.041692 0.471385 0.041692 0 P 0
L 0.471385 0.041692 0.476385 0.036692 0 P 0
L 0.476385 0.036692 0.476385 0.011692 0 P 0
L 0.476385 0.036692 0.481385 0.041692 0 P 0
L 0.481385 0.041692 0.491385 0.041692 0 P 0
L 0.471385 0.061692 0.461385 0.071692 0 P 0
L 0.461385 0.071692 0.491385 0.071692 0 P 0
L 0.471385 0.101692 0.461385 0.111692 0 P 0
L 0.461385 0.111692 0.491385 0.111692 0 P 0
L 0.84252 -0.545276 0.84252 -0.533465 1 P 0
L 0.787402 -0.545276 0.787402 -0.533465 1 P 0
L 0.751439 -0.59961 0.721439 -0.59961 0 P 0
L 0.721439 -0.59961 0.721439 -0.57461 0 P 0
L 0.721439 -0.57461 0.726439 -0.56961 0 P 0
L 0.726439 -0.56961 0.731439 -0.56961 0 P 0
L 0.731439 -0.56961 0.736439 -0.57461 0 P 0
L 0.736439 -0.57461 0.736439 -0.59961 0 P 0
L 0.736439 -0.57461 0.741439 -0.56961 0 P 0
L 0.741439 -0.56961 0.751439 -0.56961 0 P 0
L 0.731439 -0.54961 0.721439 -0.53961 0 P 0
L 0.721439 -0.53961 0.751439 -0.53961 0 P 0
L 0.726439 -0.51461 0.721439 -0.50961 0 P 0
L 0.721439 -0.50961 0.721439 -0.49461 0 P 0
L 0.721439 -0.49461 0.726439 -0.48961 0 P 0
L 0.726439 -0.48961 0.731439 -0.48961 0 P 0
L 0.731439 -0.48961 0.736439 -0.49461 0 P 0
L 0.736439 -0.49461 0.741439 -0.48961 0 P 0
L 0.741439 -0.48961 0.746439 -0.48961 0 P 0
L 0.746439 -0.48961 0.751439 -0.49461 0 P 0
L 0.751439 -0.49461 0.751439 -0.50961 0 P 0
L 0.751439 -0.50961 0.746439 -0.51461 0 P 0
L 0.736439 -0.50461 0.736439 -0.49461 0 P 0
L 1.51378 -0.318898 1.470472 -0.318898 1 P 0
L 1.51378 -0.38189 1.470472 -0.38189 1 P 0
L 1.51378 -0.38189 1.51378 -0.318898 1 P 0
L 1.507874 -0.318898 1.507874 -0.38189 1 P 0
L 1.501969 -0.318898 1.501969 -0.38189 1 P 0
L 1.496063 -0.318898 1.496063 -0.38189 1 P 0
L 1.306748 -0.363953 1.306748 -0.333953 0 P 0
L 1.306748 -0.333953 1.326748 -0.333953 0 P 0
L 1.326748 -0.333953 1.336748 -0.343953 0 P 0
L 1.336748 -0.343953 1.336748 -0.353953 0 P 0
L 1.336748 -0.353953 1.326748 -0.363953 0 P 0
L 1.326748 -0.363953 1.306748 -0.363953 0 P 0
L 1.356748 -0.343953 1.366748 -0.333953 0 P 0
L 1.366748 -0.333953 1.366748 -0.363953 0 P 0
L 1.51378 0.074803 1.470472 0.074803 1 P 0
L 1.51378 0.011811 1.470472 0.011811 1 P 0
L 1.51378 0.011811 1.51378 0.074803 1 P 0
L 1.507874 0.074803 1.507874 0.011811 1 P 0
L 1.501969 0.074803 1.501969 0.011811 1 P 0
L 1.496063 0.074803 1.496063 0.011811 1 P 0
L 1.298953 0.058685 1.298953 0.088685 0 P 0
L 1.298953 0.088685 1.318953 0.088685 0 P 0
L 1.318953 0.088685 1.328953 0.078685 0 P 0
L 1.328953 0.078685 1.328953 0.068685 0 P 0
L 1.328953 0.068685 1.318953 0.058685 0 P 0
L 1.318953 0.058685 1.298953 0.058685 0 P 0
L 1.343953 0.083685 1.348953 0.088685 0 P 0
L 1.348953 0.088685 1.363953 0.088685 0 P 0
L 1.363953 0.088685 1.368953 0.083685 0 P 0
L 1.368953 0.083685 1.368953 0.078685 0 P 0
L 1.368953 0.078685 1.363953 0.073685 0 P 0
L 1.363953 0.073685 1.348953 0.073685 0 P 0
L 1.348953 0.073685 1.343953 0.068685 0 P 0
L 1.343953 0.068685 1.343953 0.058685 0 P 0
L 1.343953 0.058685 1.368953 0.058685 0 P 0
L 1.51378 -0.188976 1.470472 -0.188976 1 P 0
L 1.51378 -0.251969 1.470472 -0.251969 1 P 0
L 1.51378 -0.251969 1.51378 -0.188976 1 P 0
L 1.507874 -0.188976 1.507874 -0.251969 1 P 0
L 1.501969 -0.188976 1.501969 -0.251969 1 P 0
L 1.496063 -0.188976 1.496063 -0.251969 1 P 0
L 1.308953 -0.203559 1.308953 -0.173559 0 P 0
L 1.308953 -0.173559 1.328953 -0.173559 0 P 0
L 1.328953 -0.173559 1.338953 -0.183559 0 P 0
L 1.338953 -0.183559 1.338953 -0.193559 0 P 0
L 1.338953 -0.193559 1.328953 -0.203559 0 P 0
L 1.328953 -0.203559 1.308953 -0.203559 0 P 0
L 1.353953 -0.178559 1.358953 -0.173559 0 P 0
L 1.358953 -0.173559 1.373953 -0.173559 0 P 0
L 1.373953 -0.173559 1.378953 -0.178559 0 P 0
L 1.378953 -0.178559 1.378953 -0.183559 0 P 0
L 1.378953 -0.183559 1.373953 -0.188559 0 P 0
L 1.373953 -0.188559 1.378953 -0.193559 0 P 0
L 1.378953 -0.193559 1.378953 -0.198559 0 P 0
L 1.378953 -0.198559 1.373953 -0.203559 0 P 0
L 1.373953 -0.203559 1.358953 -0.203559 0 P 0
L 1.358953 -0.203559 1.353953 -0.198559 0 P 0
L 1.363953 -0.188559 1.373953 -0.188559 0 P 0
L 0.124016 -0.527559 0.112205 -0.527559 1 P 0
L 0.124016 -0.582677 0.112205 -0.582677 1 P 0
L 0.06311 -0.488614 0.06311 -0.458614 0 P 0
L 0.06311 -0.458614 0.08811 -0.458614 0 P 0
L 0.08811 -0.458614 0.09311 -0.463614 0 P 0
L 0.09311 -0.463614 0.09311 -0.468614 0 P 0
L 0.09311 -0.468614 0.08811 -0.473614 0 P 0
L 0.08811 -0.473614 0.06311 -0.473614 0 P 0
L 0.08811 -0.473614 0.09311 -0.478614 0 P 0
L 0.09311 -0.478614 0.09311 -0.488614 0 P 0
L 0.10811 -0.463614 0.11311 -0.458614 0 P 0
L 0.11311 -0.458614 0.12811 -0.458614 0 P 0
L 0.12811 -0.458614 0.13311 -0.463614 0 P 0
L 0.13311 -0.463614 0.13311 -0.468614 0 P 0
L 0.13311 -0.468614 0.12811 -0.473614 0 P 0
L 0.12811 -0.473614 0.11311 -0.473614 0 P 0
L 0.11311 -0.473614 0.10811 -0.478614 0 P 0
L 0.10811 -0.478614 0.10811 -0.488614 0 P 0
L 0.10811 -0.488614 0.13311 -0.488614 0 P 0
L 0.14811 -0.463614 0.15311 -0.458614 0 P 0
L 0.15311 -0.458614 0.16811 -0.458614 0 P 0
L 0.16811 -0.458614 0.17311 -0.463614 0 P 0
L 0.17311 -0.463614 0.17311 -0.468614 0 P 0
L 0.17311 -0.468614 0.16811 -0.473614 0 P 0
L 0.16811 -0.473614 0.15311 -0.473614 0 P 0
L 0.15311 -0.473614 0.14811 -0.478614 0 P 0
L 0.14811 -0.478614 0.14811 -0.488614 0 P 0
L 0.14811 -0.488614 0.17311 -0.488614 0 P 0
L 1.175197 -0.759843 1.163386 -0.759843 1 P 0
L 1.175197 -0.814961 1.163386 -0.814961 1 P 0
L 1.047591 -0.883827 1.047591 -0.853827 0 P 0
L 1.047591 -0.853827 1.072591 -0.853827 0 P 0
L 1.072591 -0.853827 1.077591 -0.858827 0 P 0
L 1.077591 -0.858827 1.077591 -0.863827 0 P 0
L 1.077591 -0.863827 1.072591 -0.868827 0 P 0
L 1.072591 -0.868827 1.047591 -0.868827 0 P 0
L 1.072591 -0.868827 1.077591 -0.873827 0 P 0
L 1.077591 -0.873827 1.077591 -0.883827 0 P 0
L 1.117591 -0.873827 1.087591 -0.873827 0 P 0
L 1.087591 -0.873827 1.107591 -0.853827 0 P 0
L 1.107591 -0.853827 1.107591 -0.883827 0 P 0
L 1.132591 -0.858827 1.137591 -0.853827 0 P 0
L 1.137591 -0.853827 1.152591 -0.853827 0 P 0
L 1.152591 -0.853827 1.157591 -0.858827 0 P 0
L 1.157591 -0.858827 1.157591 -0.863827 0 P 0
L 1.157591 -0.863827 1.152591 -0.868827 0 P 0
L 1.152591 -0.868827 1.157591 -0.873827 0 P 0
L 1.157591 -0.873827 1.157591 -0.878827 0 P 0
L 1.157591 -0.878827 1.152591 -0.883827 0 P 0
L 1.152591 -0.883827 1.137591 -0.883827 0 P 0
L 1.137591 -0.883827 1.132591 -0.878827 0 P 0
L 1.142591 -0.868827 1.152591 -0.868827 0 P 0
L 1.51378 -0.066929 1.470472 -0.066929 1 P 0
L 1.51378 -0.129921 1.470472 -0.129921 1 P 0
L 1.51378 -0.129921 1.51378 -0.066929 1 P 0
L 1.507874 -0.066929 1.507874 -0.129921 1 P 0
L 1.501969 -0.066929 1.501969 -0.129921 1 P 0
L 1.496063 -0.066929 1.496063 -0.129921 1 P 0
L 1.278303 -0.073622 1.278303 -0.043622 0 P 0
L 1.278303 -0.043622 1.298303 -0.043622 0 P 0
L 1.298303 -0.043622 1.308303 -0.053622 0 P 0
L 1.308303 -0.053622 1.308303 -0.063622 0 P 0
L 1.308303 -0.063622 1.298303 -0.073622 0 P 0
L 1.298303 -0.073622 1.278303 -0.073622 0 P 0
L 1.328303 -0.053622 1.338303 -0.043622 0 P 0
L 1.338303 -0.043622 1.338303 -0.073622 0 P 0
L 1.363303 -0.048622 1.368303 -0.043622 0 P 0
L 1.368303 -0.043622 1.383303 -0.043622 0 P 0
L 1.383303 -0.043622 1.388303 -0.048622 0 P 0
L 1.388303 -0.048622 1.388303 -0.053622 0 P 0
L 1.388303 -0.053622 1.383303 -0.058622 0 P 0
L 1.383303 -0.058622 1.388303 -0.063622 0 P 0
L 1.388303 -0.063622 1.388303 -0.068622 0 P 0
L 1.388303 -0.068622 1.383303 -0.073622 0 P 0
L 1.383303 -0.073622 1.368303 -0.073622 0 P 0
L 1.368303 -0.073622 1.363303 -0.068622 0 P 0
L 1.373303 -0.058622 1.383303 -0.058622 0 P 0
L 0.633858 0.077535 0.633858 0.065724 1 P 0
L 0.688976 0.077535 0.688976 0.065724 1 P 0
L 0.749724 0.007693 0.719724 0.007693 0 P 0
L 0.719724 0.007693 0.719724 0.032693 0 P 0
L 0.719724 0.032693 0.724724 0.037693 0 P 0
L 0.724724 0.037693 0.729724 0.037693 0 P 0
L 0.729724 0.037693 0.734724 0.032693 0 P 0
L 0.734724 0.032693 0.734724 0.007693 0 P 0
L 0.734724 0.032693 0.739724 0.037693 0 P 0
L 0.739724 0.037693 0.749724 0.037693 0 P 0
L 0.729724 0.077693 0.734724 0.072693 0 P 0
L 0.734724 0.072693 0.734724 0.057693 0 P 0
L 0.734724 0.057693 0.729724 0.052693 0 P 0
L 0.729724 0.052693 0.724724 0.052693 0 P 0
L 0.724724 0.052693 0.719724 0.057693 0 P 0
L 0.719724 0.057693 0.719724 0.072693 0 P 0
L 0.719724 0.072693 0.724724 0.077693 0 P 0
L 0.724724 0.077693 0.744724 0.077693 0 P 0
L 0.744724 0.077693 0.749724 0.072693 0 P 0
L 0.749724 0.072693 0.749724 0.057693 0 P 0
L 0.729724 0.097693 0.719724 0.107693 0 P 0
L 0.719724 0.107693 0.749724 0.107693 0 P 0
L -0.639764 -0.69685 -0.651575 -0.69685 1 P 0
L -0.639764 -0.751969 -0.651575 -0.751969 1 P 0
L -0.847402 -0.78122 -0.847402 -0.75122 0 P 0
L -0.847402 -0.75122 -0.822402 -0.75122 0 P 0
L -0.822402 -0.75122 -0.817402 -0.75622 0 P 0
L -0.817402 -0.75622 -0.817402 -0.76122 0 P 0
L -0.817402 -0.76122 -0.822402 -0.76622 0 P 0
L -0.822402 -0.76622 -0.847402 -0.76622 0 P 0
L -0.822402 -0.76622 -0.817402 -0.77122 0 P 0
L -0.817402 -0.77122 -0.817402 -0.78122 0 P 0
L -0.777402 -0.75622 -0.782402 -0.75122 0 P 0
L -0.782402 -0.75122 -0.797402 -0.75122 0 P 0
L -0.797402 -0.75122 -0.802402 -0.75622 0 P 0
L -0.802402 -0.75622 -0.802402 -0.77622 0 P 0
L -0.802402 -0.77622 -0.797402 -0.78122 0 P 0
L -0.797402 -0.78122 -0.782402 -0.78122 0 P 0
L -0.782402 -0.78122 -0.777402 -0.77622 0 P 0
L -0.777402 -0.77622 -0.777402 -0.77122 0 P 0
L -0.777402 -0.77122 -0.782402 -0.76622 0 P 0
L -0.782402 -0.76622 -0.802402 -0.76622 0 P 0
L -0.762402 -0.75622 -0.757402 -0.75122 0 P 0
L -0.757402 -0.75122 -0.742402 -0.75122 0 P 0
L -0.742402 -0.75122 -0.737402 -0.75622 0 P 0
L -0.737402 -0.75622 -0.737402 -0.76122 0 P 0
L -0.737402 -0.76122 -0.742402 -0.76622 0 P 0
L -0.742402 -0.76622 -0.757402 -0.76622 0 P 0
L -0.757402 -0.76622 -0.762402 -0.77122 0 P 0
L -0.762402 -0.77122 -0.762402 -0.78122 0 P 0
L -0.762402 -0.78122 -0.737402 -0.78122 0 P 0
L -2.15748 -1.139764 -2.15748 -1.151575 1 P 0
L -2.102362 -1.139764 -2.102362 -1.151575 1 P 0
L -2.041614 -1.182047 -2.071614 -1.182047 0 P 0
L -2.071614 -1.182047 -2.071614 -1.157047 0 P 0
L -2.071614 -1.157047 -2.066614 -1.152047 0 P 0
L -2.066614 -1.152047 -2.061614 -1.152047 0 P 0
L -2.061614 -1.152047 -2.056614 -1.157047 0 P 0
L -2.056614 -1.157047 -2.056614 -1.182047 0 P 0
L -2.056614 -1.157047 -2.051614 -1.152047 0 P 0
L -2.051614 -1.152047 -2.041614 -1.152047 0 P 0
L -2.071614 -1.137047 -2.071614 -1.112047 0 P 0
L -2.071614 -1.112047 -2.066614 -1.112047 0 P 0
L -2.066614 -1.112047 -2.041614 -1.137047 0 P 0
L -2.066614 -1.072047 -2.071614 -1.077047 0 P 0
L -2.071614 -1.077047 -2.071614 -1.092047 0 P 0
L -2.071614 -1.092047 -2.066614 -1.097047 0 P 0
L -2.066614 -1.097047 -2.046614 -1.097047 0 P 0
L -2.046614 -1.097047 -2.041614 -1.092047 0 P 0
L -2.041614 -1.092047 -2.041614 -1.077047 0 P 0
L -2.041614 -1.077047 -2.046614 -1.072047 0 P 0
L -2.046614 -1.072047 -2.051614 -1.072047 0 P 0
L -2.051614 -1.072047 -2.056614 -1.077047 0 P 0
L -2.056614 -1.077047 -2.056614 -1.097047 0 P 0
L 1.138882 0.431055 1.138882 0.683055 0 P 0
L 1.138882 0.683055 1.001882 0.683055 0 P 0
L 1.001882 0.683055 1.001882 0.431055 0 P 0
L 1.001882 0.431055 1.137882 0.431055 0 P 0
L 1.001882 0.484055 0.993882 0.484055 0 P 0
L 0.993882 0.484055 0.993882 0.633055 0 P 0
L 0.993882 0.633055 1.000882 0.633055 0 P 0
L 0.898961 0.692646 0.898961 0.667646 0 P 0
L 0.898961 0.667646 0.903961 0.662646 0 P 0
L 0.903961 0.662646 0.923961 0.662646 0 P 0
L 0.923961 0.662646 0.928961 0.667646 0 P 0
L 0.928961 0.667646 0.928961 0.692646 0 P 0
L 0.943961 0.687646 0.948961 0.692646 0 P 0
L 0.948961 0.692646 0.963961 0.692646 0 P 0
L 0.963961 0.692646 0.968961 0.687646 0 P 0
L 0.968961 0.687646 0.968961 0.682646 0 P 0
L 0.968961 0.682646 0.963961 0.677646 0 P 0
L 0.963961 0.677646 0.948961 0.677646 0 P 0
L 0.948961 0.677646 0.943961 0.672646 0 P 0
L 0.943961 0.672646 0.943961 0.662646 0 P 0
L 0.943961 0.662646 0.968961 0.662646 0 P 0
L -0.702756 0.992126 -0.659449 0.992126 1 P 0
L -0.702756 1.055118 -0.659449 1.055118 1 P 0
L -0.702756 1.055118 -0.702756 0.992126 1 P 0
L -0.69685 0.992126 -0.69685 1.055118 1 P 0
L -0.690945 0.992126 -0.690945 1.055118 1 P 0
L -0.685039 0.992126 -0.685039 1.055118 1 P 0
L -0.710768 0.923386 -0.710768 0.953386 0 P 0
L -0.710768 0.953386 -0.690768 0.953386 0 P 0
L -0.690768 0.953386 -0.680768 0.943386 0 P 0
L -0.680768 0.943386 -0.680768 0.933386 0 P 0
L -0.680768 0.933386 -0.690768 0.923386 0 P 0
L -0.690768 0.923386 -0.710768 0.923386 0 P 0
L -0.640768 0.933386 -0.670768 0.933386 0 P 0
L -0.670768 0.933386 -0.650768 0.953386 0 P 0
L -0.650768 0.953386 -0.650768 0.923386 0 P 0
L -0.622047 0.838583 -0.590551 0.838583 1 P 0
L -0.525748 0.794646 -0.555748 0.794646 0 P 0
L -0.555748 0.794646 -0.555748 0.819646 0 P 0
L -0.555748 0.819646 -0.550748 0.824646 0 P 0
L -0.550748 0.824646 -0.545748 0.824646 0 P 0
L -0.545748 0.824646 -0.540748 0.819646 0 P 0
L -0.540748 0.819646 -0.540748 0.794646 0 P 0
L -0.540748 0.819646 -0.535748 0.824646 0 P 0
L -0.535748 0.824646 -0.525748 0.824646 0 P 0
L -0.535748 0.864646 -0.535748 0.834646 0 P 0
L -0.535748 0.834646 -0.555748 0.854646 0 P 0
L -0.555748 0.854646 -0.525748 0.854646 0 P 0
L -2.228504 0.845625 -2.223504 0.840625 0 P 0
L -2.223504 0.840625 -2.203504 0.840625 0 P 0
L -2.203504 0.840625 -2.198504 0.845625 0 P 0
L -2.198504 0.845625 -2.198504 0.850625 0 P 0
L -2.198504 0.850625 -2.203504 0.855625 0 P 0
L -2.203504 0.855625 -2.223504 0.855625 0 P 0
L -2.223504 0.855625 -2.228504 0.860625 0 P 0
L -2.228504 0.860625 -2.228504 0.865625 0 P 0
L -2.228504 0.865625 -2.223504 0.870625 0 P 0
L -2.223504 0.870625 -2.203504 0.870625 0 P 0
L -2.203504 0.870625 -2.198504 0.865625 0 P 0
L -2.188504 0.870625 -2.188504 0.840625 0 P 0
L -2.188504 0.840625 -2.173504 0.855625 0 P 0
L -2.173504 0.855625 -2.158504 0.840625 0 P 0
L -2.158504 0.840625 -2.158504 0.870625 0 P 0
L -2.143504 0.865625 -2.138504 0.870625 0 P 0
L -2.138504 0.870625 -2.123504 0.870625 0 P 0
L -2.123504 0.870625 -2.118504 0.865625 0 P 0
L -2.118504 0.865625 -2.118504 0.860625 0 P 0
L -2.118504 0.860625 -2.123504 0.855625 0 P 0
L -2.123504 0.855625 -2.138504 0.855625 0 P 0
L -2.138504 0.855625 -2.143504 0.850625 0 P 0
L -2.143504 0.850625 -2.143504 0.840625 0 P 0
L -2.143504 0.840625 -2.118504 0.840625 0 P 0
L -1.771417 0.471216 -1.766417 0.466216 0 P 0
L -1.766417 0.466216 -1.746417 0.466216 0 P 0
L -1.746417 0.466216 -1.741417 0.471216 0 P 0
L -1.741417 0.471216 -1.741417 0.476216 0 P 0
L -1.741417 0.476216 -1.746417 0.481216 0 P 0
L -1.746417 0.481216 -1.766417 0.481216 0 P 0
L -1.766417 0.481216 -1.771417 0.486216 0 P 0
L -1.771417 0.486216 -1.771417 0.491216 0 P 0
L -1.771417 0.491216 -1.766417 0.496216 0 P 0
L -1.766417 0.496216 -1.746417 0.496216 0 P 0
L -1.746417 0.496216 -1.741417 0.491216 0 P 0
L -1.731417 0.496216 -1.731417 0.466216 0 P 0
L -1.731417 0.466216 -1.716417 0.481216 0 P 0
L -1.716417 0.481216 -1.701417 0.466216 0 P 0
L -1.701417 0.466216 -1.701417 0.496216 0 P 0
L -1.686417 0.491216 -1.681417 0.496216 0 P 0
L -1.681417 0.496216 -1.666417 0.496216 0 P 0
L -1.666417 0.496216 -1.661417 0.491216 0 P 0
L -1.661417 0.491216 -1.661417 0.486216 0 P 0
L -1.661417 0.486216 -1.666417 0.481216 0 P 0
L -1.666417 0.481216 -1.661417 0.476216 0 P 0
L -1.661417 0.476216 -1.661417 0.471216 0 P 0
L -1.661417 0.471216 -1.666417 0.466216 0 P 0
L -1.666417 0.466216 -1.681417 0.466216 0 P 0
L -1.681417 0.466216 -1.686417 0.471216 0 P 0
L -1.676417 0.481216 -1.666417 0.481216 0 P 0
L -2.134409 0.423972 -2.129409 0.418972 0 P 0
L -2.129409 0.418972 -2.109409 0.418972 0 P 0
L -2.109409 0.418972 -2.104409 0.423972 0 P 0
L -2.104409 0.423972 -2.104409 0.428972 0 P 0
L -2.104409 0.428972 -2.109409 0.433972 0 P 0
L -2.109409 0.433972 -2.129409 0.433972 0 P 0
L -2.129409 0.433972 -2.134409 0.438972 0 P 0
L -2.134409 0.438972 -2.134409 0.443972 0 P 0
L -2.134409 0.443972 -2.129409 0.448972 0 P 0
L -2.129409 0.448972 -2.109409 0.448972 0 P 0
L -2.109409 0.448972 -2.104409 0.443972 0 P 0
L -2.094409 0.448972 -2.094409 0.418972 0 P 0
L -2.094409 0.418972 -2.079409 0.433972 0 P 0
L -2.079409 0.433972 -2.064409 0.418972 0 P 0
L -2.064409 0.418972 -2.064409 0.448972 0 P 0
L -2.024409 0.428972 -2.054409 0.428972 0 P 0
L -2.054409 0.428972 -2.034409 0.448972 0 P 0
L -2.034409 0.448972 -2.034409 0.418972 0 P 0
L -1.772992 0.412357 -1.767992 0.407357 0 P 0
L -1.767992 0.407357 -1.747992 0.407357 0 P 0
L -1.747992 0.407357 -1.742992 0.412357 0 P 0
L -1.742992 0.412357 -1.742992 0.417357 0 P 0
L -1.742992 0.417357 -1.747992 0.422357 0 P 0
L -1.747992 0.422357 -1.767992 0.422357 0 P 0
L -1.767992 0.422357 -1.772992 0.427357 0 P 0
L -1.772992 0.427357 -1.772992 0.432357 0 P 0
L -1.772992 0.432357 -1.767992 0.437357 0 P 0
L -1.767992 0.437357 -1.747992 0.437357 0 P 0
L -1.747992 0.437357 -1.742992 0.432357 0 P 0
L -1.732992 0.437357 -1.732992 0.407357 0 P 0
L -1.732992 0.407357 -1.717992 0.422357 0 P 0
L -1.717992 0.422357 -1.702992 0.407357 0 P 0
L -1.702992 0.407357 -1.702992 0.437357 0 P 0
L -1.662992 0.437357 -1.687992 0.437357 0 P 0
L -1.687992 0.437357 -1.687992 0.427357 0 P 0
L -1.687992 0.427357 -1.667992 0.427357 0 P 0
L -1.667992 0.427357 -1.662992 0.422357 0 P 0
L -1.662992 0.422357 -1.662992 0.412357 0 P 0
L -1.662992 0.412357 -1.667992 0.407357 0 P 0
L -1.667992 0.407357 -1.682992 0.407357 0 P 0
L -1.682992 0.407357 -1.687992 0.412357 0 P 0
L -2.135787 -0.256934 -2.130787 -0.261934 0 P 0
L -2.130787 -0.261934 -2.110787 -0.261934 0 P 0
L -2.110787 -0.261934 -2.105787 -0.256934 0 P 0
L -2.105787 -0.256934 -2.105787 -0.251934 0 P 0
L -2.105787 -0.251934 -2.110787 -0.246934 0 P 0
L -2.110787 -0.246934 -2.130787 -0.246934 0 P 0
L -2.130787 -0.246934 -2.135787 -0.241934 0 P 0
L -2.135787 -0.241934 -2.135787 -0.236934 0 P 0
L -2.135787 -0.236934 -2.130787 -0.231934 0 P 0
L -2.130787 -0.231934 -2.110787 -0.231934 0 P 0
L -2.110787 -0.231934 -2.105787 -0.236934 0 P 0
L -2.095787 -0.231934 -2.095787 -0.261934 0 P 0
L -2.095787 -0.261934 -2.080787 -0.246934 0 P 0
L -2.080787 -0.246934 -2.065787 -0.261934 0 P 0
L -2.065787 -0.261934 -2.065787 -0.231934 0 P 0
L -2.025787 -0.236934 -2.030787 -0.231934 0 P 0
L -2.030787 -0.231934 -2.045787 -0.231934 0 P 0
L -2.045787 -0.231934 -2.050787 -0.236934 0 P 0
L -2.050787 -0.236934 -2.050787 -0.256934 0 P 0
L -2.050787 -0.256934 -2.045787 -0.261934 0 P 0
L -2.045787 -0.261934 -2.030787 -0.261934 0 P 0
L -2.030787 -0.261934 -2.025787 -0.256934 0 P 0
L -2.025787 -0.256934 -2.025787 -0.251934 0 P 0
L -2.025787 -0.251934 -2.030787 -0.246934 0 P 0
L -2.030787 -0.246934 -2.050787 -0.246934 0 P 0
L -1.77063 -0.253194 -1.76563 -0.258194 0 P 0
L -1.76563 -0.258194 -1.74563 -0.258194 0 P 0
L -1.74563 -0.258194 -1.74063 -0.253194 0 P 0
L -1.74063 -0.253194 -1.74063 -0.248194 0 P 0
L -1.74063 -0.248194 -1.74563 -0.243194 0 P 0
L -1.74563 -0.243194 -1.76563 -0.243194 0 P 0
L -1.76563 -0.243194 -1.77063 -0.238194 0 P 0
L -1.77063 -0.238194 -1.77063 -0.233194 0 P 0
L -1.77063 -0.233194 -1.76563 -0.228194 0 P 0
L -1.76563 -0.228194 -1.74563 -0.228194 0 P 0
L -1.74563 -0.228194 -1.74063 -0.233194 0 P 0
L -1.73063 -0.228194 -1.73063 -0.258194 0 P 0
L -1.73063 -0.258194 -1.71563 -0.243194 0 P 0
L -1.71563 -0.243194 -1.70063 -0.258194 0 P 0
L -1.70063 -0.258194 -1.70063 -0.228194 0 P 0
L -1.68563 -0.228194 -1.66063 -0.228194 0 P 0
L -1.66063 -0.228194 -1.66063 -0.233194 0 P 0
L -1.66063 -0.233194 -1.68563 -0.258194 0 P 0
L -2.135787 -0.672682 -2.130787 -0.677682 0 P 0
L -2.130787 -0.677682 -2.110787 -0.677682 0 P 0
L -2.110787 -0.677682 -2.105787 -0.672682 0 P 0
L -2.105787 -0.672682 -2.105787 -0.667682 0 P 0
L -2.105787 -0.667682 -2.110787 -0.662682 0 P 0
L -2.110787 -0.662682 -2.130787 -0.662682 0 P 0
L -2.130787 -0.662682 -2.135787 -0.657682 0 P 0
L -2.135787 -0.657682 -2.135787 -0.652682 0 P 0
L -2.135787 -0.652682 -2.130787 -0.647682 0 P 0
L -2.130787 -0.647682 -2.110787 -0.647682 0 P 0
L -2.110787 -0.647682 -2.105787 -0.652682 0 P 0
L -2.095787 -0.647682 -2.095787 -0.677682 0 P 0
L -2.095787 -0.677682 -2.080787 -0.662682 0 P 0
L -2.080787 -0.662682 -2.065787 -0.677682 0 P 0
L -2.065787 -0.677682 -2.065787 -0.647682 0 P 0
L -2.045787 -0.662682 -2.050787 -0.657682 0 P 0
L -2.050787 -0.657682 -2.050787 -0.652682 0 P 0
L -2.050787 -0.652682 -2.045787 -0.647682 0 P 0
L -2.045787 -0.647682 -2.030787 -0.647682 0 P 0
L -2.030787 -0.647682 -2.025787 -0.652682 0 P 0
L -2.025787 -0.652682 -2.025787 -0.657682 0 P 0
L -2.025787 -0.657682 -2.030787 -0.662682 0 P 0
L -2.030787 -0.662682 -2.045787 -0.662682 0 P 0
L -2.045787 -0.662682 -2.050787 -0.667682 0 P 0
L -2.050787 -0.667682 -2.050787 -0.672682 0 P 0
L -2.050787 -0.672682 -2.045787 -0.677682 0 P 0
L -2.045787 -0.677682 -2.030787 -0.677682 0 P 0
L -2.030787 -0.677682 -2.025787 -0.672682 0 P 0
L -2.025787 -0.672682 -2.025787 -0.667682 0 P 0
L -2.025787 -0.667682 -2.030787 -0.662682 0 P 0
L -1.771417 -0.679375 -1.766417 -0.684375 0 P 0
L -1.766417 -0.684375 -1.746417 -0.684375 0 P 0
L -1.746417 -0.684375 -1.741417 -0.679375 0 P 0
L -1.741417 -0.679375 -1.741417 -0.674375 0 P 0
L -1.741417 -0.674375 -1.746417 -0.669375 0 P 0
L -1.746417 -0.669375 -1.766417 -0.669375 0 P 0
L -1.766417 -0.669375 -1.771417 -0.664375 0 P 0
L -1.771417 -0.664375 -1.771417 -0.659375 0 P 0
L -1.771417 -0.659375 -1.766417 -0.654375 0 P 0
L -1.766417 -0.654375 -1.746417 -0.654375 0 P 0
L -1.746417 -0.654375 -1.741417 -0.659375 0 P 0
L -1.731417 -0.654375 -1.731417 -0.684375 0 P 0
L -1.731417 -0.684375 -1.716417 -0.669375 0 P 0
L -1.716417 -0.669375 -1.701417 -0.684375 0 P 0
L -1.701417 -0.684375 -1.701417 -0.654375 0 P 0
L -1.661417 -0.664375 -1.666417 -0.669375 0 P 0
L -1.666417 -0.669375 -1.681417 -0.669375 0 P 0
L -1.681417 -0.669375 -1.686417 -0.664375 0 P 0
L -1.686417 -0.664375 -1.686417 -0.659375 0 P 0
L -1.686417 -0.659375 -1.681417 -0.654375 0 P 0
L -1.681417 -0.654375 -1.666417 -0.654375 0 P 0
L -1.666417 -0.654375 -1.661417 -0.659375 0 P 0
L -1.661417 -0.659375 -1.661417 -0.679375 0 P 0
L -1.661417 -0.679375 -1.666417 -0.684375 0 P 0
L -1.666417 -0.684375 -1.681417 -0.684375 0 P 0
L 1.556299 0.735827 1.556299 0.435827 0 P 0
L 1.305654 0.506457 1.310654 0.506457 0 P 0
L 1.310654 0.506457 1.315654 0.511457 0 P 0
L 1.315654 0.511457 1.315654 0.531457 0 P 0
L 1.315654 0.531457 1.310654 0.536457 0 P 0
L 1.310654 0.536457 1.285654 0.536457 0 P 0
L 1.285654 0.576457 1.285654 0.551457 0 P 0
L 1.285654 0.551457 1.295654 0.551457 0 P 0
L 1.295654 0.551457 1.295654 0.571457 0 P 0
L 1.295654 0.571457 1.300654 0.576457 0 P 0
L 1.300654 0.576457 1.310654 0.576457 0 P 0
L 1.310654 0.576457 1.315654 0.571457 0 P 0
L 1.315654 0.571457 1.315654 0.556457 0 P 0
L 1.315654 0.556457 1.310654 0.551457 0 P 0
L 1.433071 0.374016 1.433071 0.34252 1 P 0
L 1.503307 0.35252 1.503307 0.38252 0 P 0
L 1.503307 0.38252 1.528307 0.38252 0 P 0
L 1.528307 0.38252 1.533307 0.37752 0 P 0
L 1.533307 0.37752 1.533307 0.37252 0 P 0
L 1.533307 0.37252 1.528307 0.36752 0 P 0
L 1.528307 0.36752 1.503307 0.36752 0 P 0
L 1.528307 0.36752 1.533307 0.36252 0 P 0
L 1.533307 0.36252 1.533307 0.35252 0 P 0
L 1.553307 0.37252 1.563307 0.38252 0 P 0
L 1.563307 0.38252 1.563307 0.35252 0 P 0
L 1.433071 0.283465 1.433071 0.251969 1 P 0
L 1.503307 0.254094 1.503307 0.284094 0 P 0
L 1.503307 0.284094 1.528307 0.284094 0 P 0
L 1.528307 0.284094 1.533307 0.279094 0 P 0
L 1.533307 0.279094 1.533307 0.274094 0 P 0
L 1.533307 0.274094 1.528307 0.269094 0 P 0
L 1.528307 0.269094 1.503307 0.269094 0 P 0
L 1.528307 0.269094 1.533307 0.264094 0 P 0
L 1.533307 0.264094 1.533307 0.254094 0 P 0
L 1.573307 0.284094 1.548307 0.284094 0 P 0
L 1.548307 0.284094 1.548307 0.274094 0 P 0
L 1.548307 0.274094 1.568307 0.274094 0 P 0
L 1.568307 0.274094 1.573307 0.269094 0 P 0
L 1.573307 0.269094 1.573307 0.259094 0 P 0
L 1.573307 0.259094 1.568307 0.254094 0 P 0
L 1.568307 0.254094 1.553307 0.254094 0 P 0
L 1.553307 0.254094 1.548307 0.259094 0 P 0
L -1.565748 0.916142 -1.565748 -1.083858 0 P 0
L -1.365748 0.916142 -1.565748 0.916142 0 P 0
L -1.365748 -1.083858 -1.365748 0.916142 0 P 0
L -1.565748 -1.083858 -1.365748 -1.083858 0 P 0
L -2.245142 1.095795 -2.245142 -1.266409 0 P 0
L 1.617063 1.095795 -2.245142 1.095795 0 P 0
L 1.617063 -1.266409 1.617063 1.095795 0 P 0
L -2.245142 -1.266409 1.617063 -1.266409 0 P 0
L -2.197244 0.777953 -2.197244 0.537795 0 P 0
L -1.957087 0.777953 -2.197244 0.777953 0 P 0
L -1.957087 0.537795 -1.957087 0.777953 0 P 0
L -2.197244 0.537795 -1.957087 0.537795 0 P 0
L -1.834646 0.777559 -1.834646 0.537402 0 P 0
L -1.594488 0.777559 -1.834646 0.777559 0 P 0
L -1.594488 0.537402 -1.594488 0.777559 0 P 0
L -1.834646 0.537402 -1.594488 0.537402 0 P 0
L -2.197638 0.375984 -2.197638 0.135827 0 P 0
L -1.95748 0.375984 -2.197638 0.375984 0 P 0
L -1.95748 0.135827 -1.95748 0.375984 0 P 0
L -2.197638 0.135827 -1.95748 0.135827 0 P 0
L -1.83622 0.376181 -1.83622 0.136024 0 P 0
L -1.596063 0.376181 -1.83622 0.376181 0 P 0
L -1.596063 0.136024 -1.596063 0.376181 0 P 0
L -1.83622 0.136024 -1.596063 0.136024 0 P 0
L -2.199016 -0.312795 -2.199016 -0.552953 0 P 0
L -1.958858 -0.312795 -2.199016 -0.312795 0 P 0
L -1.958858 -0.552953 -1.958858 -0.312795 0 P 0
L -2.199016 -0.552953 -1.958858 -0.552953 0 P 0
L -1.833858 -0.312992 -1.833858 -0.55315 0 P 0
L -1.593701 -0.312992 -1.833858 -0.312992 0 P 0
L -1.593701 -0.55315 -1.593701 -0.312992 0 P 0
L -1.833858 -0.55315 -1.593701 -0.55315 0 P 0
L -2.199016 -0.708858 -2.199016 -0.949016 0 P 0
L -1.958858 -0.708858 -2.199016 -0.708858 0 P 0
L -1.958858 -0.949016 -1.958858 -0.708858 0 P 0
L -2.199016 -0.949016 -1.958858 -0.949016 0 P 0
L -1.834646 -0.707677 -1.834646 -0.947835 0 P 0
L -1.594488 -0.707677 -1.834646 -0.707677 0 P 0
L -1.594488 -0.947835 -1.594488 -0.707677 0 P 0
L -1.834646 -0.947835 -1.594488 -0.947835 0 P 0
L 1.356299 0.735827 1.356299 0.435827 0 P 0
L 1.606299 0.735827 1.356299 0.735827 0 P 0
L 1.606299 0.435827 1.606299 0.735827 0 P 0
L 1.356299 0.435827 1.606299 0.435827 0 P 0
A 1.587598 -0.350394 1.587598 -0.350394 1.59252 -0.350394 2 P 0 Y
A 1.587598 0.043307 1.587598 0.043307 1.59252 0.043307 2 P 0 Y
A 1.587598 -0.220472 1.587598 -0.220472 1.59252 -0.220472 2 P 0 Y
A 1.587598 -0.098425 1.587598 -0.098425 1.59252 -0.098425 2 P 0 Y
A -0.786417 1.023622 -0.786417 1.023622 -0.781496 1.023622 2 P 0 Y
A -2.198672 0.657874 -2.198672 0.657874 -2.077165 0.657874 0 P 0 Y
A -1.836074 0.65748 -1.836074 0.65748 -1.714567 0.65748 0 P 0 Y
A -2.199066 0.255906 -2.199066 0.255906 -2.077559 0.255906 0 P 0 Y
A -1.837649 0.256102 -1.837649 0.256102 -1.716142 0.256102 0 P 0 Y
A -2.200444 -0.432874 -2.200444 -0.432874 -2.078937 -0.432874 0 P 0 Y
A -1.835287 -0.433071 -1.835287 -0.433071 -1.71378 -0.433071 0 P 0 Y
A -2.200444 -0.828937 -2.200444 -0.828937 -2.078937 -0.828937 0 P 0 Y
A -1.836074 -0.827756 -1.836074 -0.827756 -1.714567 -0.827756 0 P 0 Y
