# XDBGEN converter version 211
CMP 0 0.19685 1.767717 -0 N U1 PartName
TOP 0 0.19685 1.767717 0 N 62 243 1
TOP 1 0.19685 1.688976 0 N 34 33 2
TOP 2 0.19685 1.610236 0 N 76 15 3
TOP 3 0.19685 1.531496 0 N 0 14 4
TOP 4 0.19685 1.452756 0 N 77 0 5
TOP 5 0.19685 1.374016 0 N 1 4 6
TOP 6 0.19685 1.295276 0 N 72 26 7
TOP 7 0.19685 1.216535 0 N 77 1 8
TOP 8 0.19685 1.137795 0 N 77 2 9
TOP 9 0.19685 1.059055 0 N 77 3 10
TOP 10 0.19685 0.980315 0 N 62 244 11
TOP 11 0.19685 0.901575 0 N 77 4 12
TOP 12 0.19685 0.822835 0 N 62 245 13
TOP 13 0.354331 0.73622 0 N 77 5 14
TOP 14 0.433858 0.73622 90 N 77 6 15
TOP 15 0.511811 0.73622 90 N 77 7 16
TOP 16 0.590551 0.73622 90 N 77 8 17
TOP 17 1.062992 0.826772 180 N 62 246 18
TOP 18 1.062992 0.905512 180 N 77 9 19
TOP 19 1.062992 0.984252 180 N 77 10 20
TOP 20 1.062992 1.062992 180 N 6 2 21
TOP 21 1.062992 1.141732 180 N 73 7 22
TOP 22 1.062992 1.220472 180 N 77 11 23
TOP 23 1.062992 1.299213 180 N 44 7 24
TOP 24 1.062992 1.377953 180 N 77 12 25
TOP 25 1.062992 1.456693 180 N 5 13 26
TOP 26 1.062992 1.535433 180 N 4 8 27
TOP 27 1.062992 1.614173 180 N 3 10 28
TOP 28 1.062992 1.692913 180 N 2 2 29
TOP 29 1.062992 1.771654 180 N 77 13 30
TOP 30 1.062992 1.850394 180 N 62 247 31
TOP 31 1.062992 1.929134 180 N 77 14 32
TOP 32 1.062992 2.007874 180 N 77 15 33
CMP 1 0.074803 1.818898 -270 N R2 PartName
TOP 0 0.074803 1.818898 270 N 75 9 1
TOP 1 0.074803 1.740157 270 N 0 15 2
CMP 1 0.26838 2.026896 -90 N R3 PartName
TOP 0 0.26838 2.026896 90 N 0 16 1
TOP 1 0.26838 2.105636 90 N 62 248 2
CMP 3 1.331709 1.889764 -180 N D1 PartName
TOP 0 1.213598 1.889764 180 N 8 5 1
TOP 1 1.331709 1.889764 180 N 62 249 2
CMP 3 1.331709 1.692913 -180 N D2 PartName
TOP 0 1.213598 1.692913 180 N 7 4 1
TOP 1 1.331709 1.692913 180 N 62 250 2
CMP 3 1.331709 1.791339 -180 N D3 PartName
TOP 0 1.213598 1.791339 180 N 9 4 1
TOP 1 1.331709 1.791339 180 N 62 251 2
CMP 1 0.299213 1.775591 90 N R33 PartName
TOP 0 0.299213 1.775591 -90 N 34 34 1
TOP 1 0.299213 1.69685 -90 N 1 5 2
CMP 4 0.354331 2.031496 -90 N C28 PartName
TOP 0 0.354331 2.031496 90 N 35 14 1
TOP 1 0.354331 2.102362 90 N 62 252 2
CMP 1 0.283465 1.948819 -0 N R32 PartName
TOP 0 0.283465 1.948819 0 N 72 28 1
TOP 1 0.362205 1.948819 0 N 35 15 2
CMP 3 1.331709 1.594488 -180 N D13 PartName
TOP 0 1.213598 1.594488 180 N 10 5 1
TOP 1 1.331709 1.594488 180 N 62 253 2
CMP 6 0.411811 1.066929 -270 N J3 PartName
TOP 0 0.411811 1.066929 270 N 49 2 1
TOP 1 0.511811 1.066929 270 N 74 112 2
TOP 2 0.411811 0.966929 270 N 50 13 3
TOP 3 0.511811 0.966929 270 N 48 8 4
TOP 4 0.411811 0.866929 270 N 71 31 5
TOP 5 0.511811 0.866929 270 N 62 258 6
CMP 7 0.086614 0.389764 -270 N C1 PartName
TOP 0 0.086614 0.389764 0 N 74 113 1
TOP 1 0.086614 0.287402 0 N 62 259 2
CMP 9 0.791339 1.413386 270 N C6 PartName
TOP 0 0.791339 1.413386 -270 N 62 261 1
TOP 1 0.791339 1.531496 -270 N 12 6 2
CMP 11 0.07874 0.776661 -270 N C3 PartName
TOP 0 0.07874 0.776661 270 N 34 38 1
TOP 1 0.07874 0.708661 270 N 62 262 2
CMP 3 0.448819 0.511811 -90 N D4 PartName
TOP 0 0.448819 0.629921 90 N 13 2 1
TOP 1 0.448819 0.511811 90 N 62 264 2
CMP 13 0.389764 0.673228 -0 N R4 PartName
TOP 0 0.389764 0.673228 0 N 50 14 1
TOP 1 0.452756 0.673228 0 N 13 3 2
CMP 13 0.228346 0.712598 -180 N R5 PartName
TOP 0 0.228346 0.712598 180 N 74 116 1
TOP 1 0.165354 0.712598 180 N 14 4 2
CMP 9 0.791339 1.334646 90 N C7 PartName
TOP 0 0.791339 1.334646 -90 N 62 265 1
TOP 1 0.791339 1.216535 -90 N 11 6 2
CMP 3 0.07874 0.511811 -90 N D5 PartName
TOP 0 0.07874 0.629921 90 N 14 5 1
TOP 1 0.07874 0.511811 90 N 62 269 2
CMP 16 1.267717 1.318898 -90 N J4 PartName
TOP 0 1.267717 1.318898 90 N 15 4 1
TOP 1 1.267717 1.418898 90 N 62 270 2
CMP 16 1.267717 1.019685 -90 N J5 PartName
TOP 0 1.267717 1.019685 90 N 16 4 1
TOP 1 1.267717 1.119685 90 N 62 271 2
CMP 16 1.267717 0.718898 -90 N J6 PartName
TOP 0 1.267717 0.718898 90 N 17 6 1
TOP 1 1.267717 0.818898 90 N 62 272 2
CMP 16 1.267717 0.411811 -90 N J7 PartName
TOP 0 1.267717 0.411811 90 N 18 3 1
TOP 1 1.267717 0.511811 90 N 62 273 2
CMP 17 0.496201 1.531693 -180 N U4 PartName
TOP 0 0.598701 1.456693 270 N 62 274 1
TOP 1 0.598701 1.506693 270 N 65 16 2
TOP 2 0.598701 1.556693 270 N 19 3 3
TOP 3 0.598701 1.606693 270 N 38 8 4
TOP 4 0.393701 1.606693 90 N 39 6 5
TOP 5 0.393701 1.556693 90 N 74 120 6
TOP 6 0.393701 1.506693 90 N 74 121 7
TOP 7 0.393701 1.456693 90 N 66 22 8
CMP 13 0.688976 1.61811 90 N R15 PartName
TOP 0 0.688976 1.61811 -90 N 74 122 1
TOP 1 0.688976 1.555118 -90 N 19 4 2
CMP 17 0.496201 1.295472 -180 N U5 PartName
TOP 0 0.598701 1.220472 270 N 62 275 1
TOP 1 0.598701 1.270472 270 N 63 18 2
TOP 2 0.598701 1.320472 270 N 20 3 3
TOP 3 0.598701 1.370472 270 N 36 8 4
TOP 4 0.393701 1.370472 90 N 37 5 5
TOP 5 0.393701 1.320472 90 N 74 123 6
TOP 6 0.393701 1.270472 90 N 74 124 7
TOP 7 0.393701 1.220472 90 N 64 14 8
CMP 13 0.681102 1.38189 -270 N R14 PartName
TOP 0 0.681102 1.38189 270 N 74 125 1
TOP 1 0.681102 1.318898 270 N 20 4 2
CMP 9 0.07874 1.397638 -270 N C8 PartName
TOP 0 0.07874 1.397638 270 N 59 11 1
TOP 1 0.07874 1.279528 270 N 71 34 2
CMP 19 0.757228 0.566929 -180 N R30 PartName
TOP 0 0.757228 0.566929 180 N 25 3 1
TOP 1 0.673228 0.566929 180 N 26 5 2
CMP 19 0.622047 0.566929 -180 N R31 PartName
TOP 0 0.622047 0.566929 180 N 27 2 1
TOP 1 0.538047 0.566929 180 N 28 6 2
CMP 20 0.681102 0.677165 -0 N D8 PartName
TOP 0 0.84252 0.677165 90 N 30 8 1
TOP 1 0.681102 0.677165 90 N 74 128 2
CMP 3 0.19685 0.511811 -90 N D7 PartName
TOP 0 0.19685 0.629921 90 N 74 129 1
TOP 1 0.19685 0.511811 90 N 22 3 2
CMP 19 0.212598 0.329386 -90 N R26 PartName
TOP 0 0.212598 0.329386 90 N 21 12 1
TOP 1 0.212598 0.413386 90 N 22 4 2
CMP 3 0.326772 0.511811 -90 N D11 PartName
TOP 0 0.326772 0.629921 90 N 74 130 1
TOP 1 0.326772 0.511811 90 N 24 3 2
CMP 19 0.350394 0.329386 -90 N R29 PartName
TOP 0 0.350394 0.329386 90 N 23 12 1
TOP 1 0.350394 0.413386 90 N 24 4 2
CMP 16 1 0.23622 -270 N J10 PartName
TOP 0 1 0.23622 270 N 63 19 1
TOP 1 1 0.13622 270 N 64 15 2
CMP 16 1 0.559055 -270 N J2 PartName
TOP 0 1 0.559055 270 N 65 17 1
TOP 1 1 0.459055 270 N 66 23 2
CMP 22 0.570866 0.401575 -0 N J1 PartName
TOP 0 0.570866 0.401575 0 N 62 281 1
TOP 1 0.602362 0.401575 0 N 77 30 2
TOP 2 0.633858 0.401575 0 N 27 3 3
TOP 3 0.665354 0.401575 0 N 25 4 4
TOP 4 0.69685 0.401575 0 N 31 6 5
TOP 5 0.456693 0.397638 0 N 62 282 6
TOP 6 0.456693 0.161417 0 N 62 283 7
TOP 7 0.807087 0.161417 0 N 62 284 8
TOP 8 0.807087 0.397638 0 N 62 285 9
TOP 9 0.546039 0.278173 0 N 77 31 10
TOP 10 0.723205 0.278173 0 N 77 32 11
CMP 6 0.61911 1.794276 -90 N J11 PartName
TOP 0 0.61911 1.794276 90 N 45 10 1
TOP 1 0.51911 1.794276 90 N 46 14 2
TOP 2 0.61911 1.894276 90 N 61 29 3
TOP 3 0.51911 1.894276 90 N 60 32 4
TOP 4 0.61911 1.994276 90 N 32 3 5
TOP 5 0.51911 1.994276 90 N 33 5 6
CMP 6 0.779528 1.993701 90 N J14 PartName
TOP 0 0.779528 1.993701 -90 N 32 4 1
TOP 1 0.879528 1.993701 -90 N 33 6 2
TOP 2 0.779528 1.893701 -90 N 75 10 3
TOP 3 0.879528 1.893701 -90 N 76 16 4
TOP 4 0.779528 1.793701 -90 N 46 15 5
TOP 5 0.879528 1.793701 -90 N 45 11 6
CMP 11 0.070866 1.581606 -90 N C9 PartName
TOP 0 0.070866 1.581606 90 N 34 39 1
TOP 1 0.070866 1.649606 90 N 62 286 2
CMP 7 0.712598 1.11811 -0 N C10 PartName
TOP 0 0.712598 1.11811 90 N 74 132 1
TOP 1 0.814961 1.11811 90 N 62 288 2
CMP 23 0.07874 1.145669 -270 N SW1 PartName
TOP 0 0.07874 1.145669 0 N 71 35 1
TOP 1 0.07874 0.92126 0 N 62 289 2
CMP 11 0.92126 1.665354 -0 N C11 PartName
TOP 0 0.92126 1.665354 0 N 74 133 1
TOP 1 0.98926 1.665354 0 N 62 294 2
CMP 16 0.275591 0.241732 -270 N J8 PartName
TOP 0 0.275591 0.241732 270 N 74 134 1
TOP 1 0.275591 0.141732 270 N 62 295 2
