# XDBGEN converter version 211
CMP 0 -1.515748 0.866142 -270 N J12 PartName
TOP 0 -1.515748 0.866142 270 N 73 306 1
TOP 1 -1.515748 0.766142 270 N 156 175 2
TOP 2 -1.515748 0.666142 270 N 159 0 3
TOP 3 -1.515748 0.566142 270 N 129 6 4
TOP 4 -1.515748 0.466142 270 N 158 3 5
TOP 5 -1.515748 0.366142 270 N 28 72 6
TOP 6 -1.515748 0.266142 270 N 62 6 7
TOP 7 -1.515748 0.166142 270 N 63 4 8
TOP 8 -1.515748 0.066142 270 N 50 28 9
TOP 9 -1.515748 -0.033858 270 N 51 17 10
TOP 10 -1.515748 -0.133858 270 N 52 34 11
TOP 11 -1.515748 -0.233858 270 N 53 35 12
TOP 12 -1.515748 -0.333858 270 N 54 30 13
TOP 13 -1.515748 -0.433858 270 N 55 54 14
TOP 14 -1.515748 -0.533858 270 N 47 41 15
TOP 15 -1.515748 -0.633858 270 N 72 0 16
TOP 16 -1.515748 -0.733858 270 N 128 32 17
TOP 17 -1.515748 -0.833858 270 N 159 1 18
TOP 18 -1.515748 -0.933858 270 N 74 12 19
TOP 19 -1.515748 -1.033858 270 N 159 2 20
TOP 20 -1.415748 0.866142 270 N 48 2 21
TOP 21 -1.415748 0.766142 270 N 49 3 22
TOP 22 -1.415748 0.666142 270 N 56 3 23
TOP 23 -1.415748 0.566142 270 N 57 3 24
TOP 24 -1.415748 0.466142 270 N 58 3 25
TOP 25 -1.415748 0.366142 270 N 59 3 26
TOP 26 -1.415748 0.266142 270 N 60 2 27
TOP 27 -1.415748 0.166142 270 N 61 3 28
TOP 28 -1.415748 0.066142 270 N 67 3 29
TOP 29 -1.415748 -0.033858 270 N 68 3 30
TOP 30 -1.415748 -0.133858 270 N 69 2 31
TOP 31 -1.415748 -0.233858 270 N 66 3 32
TOP 32 -1.415748 -0.333858 270 N 71 3 33
TOP 33 -1.415748 -0.433858 270 N 70 3 34
TOP 34 -1.415748 -0.533858 270 N 140 3 35
TOP 35 -1.415748 -0.633858 270 N 141 13 36
TOP 36 -1.415748 -0.733858 270 N 139 11 37
TOP 37 -1.415748 -0.833858 270 N 138 5 38
TOP 38 -1.415748 -0.933858 270 N 0 2 39
TOP 39 -1.415748 -1.033858 270 N 1 2 40
CMP 3 1.051181 -0.787402 -180 N R3 PartName
TOP 0 1.051181 -0.787402 180 N 5 4 1
TOP 1 0.972441 -0.787402 180 N 73 307 2
CMP 6 0.901575 0.417323 -270 N C11 PartName
TOP 0 0.901575 0.417323 270 N 156 180 1
TOP 1 0.901575 0.333323 270 N 73 311 2
CMP 3 0.818898 0.11 90 N R10 PartName
TOP 0 0.818898 0.11 -90 N 46 1 1
TOP 1 0.818898 0.03126 -90 N 7 2 2
CMP 3 0.55 0.111 90 N R11 PartName
TOP 0 0.55 0.111 -90 N 64 11 1
TOP 1 0.55 0.03226 -90 N 9 3 2
CMP 3 0.814961 -0.57874 -90 N R13 PartName
TOP 0 0.814961 -0.57874 90 N 130 6 1
TOP 1 0.814961 -0.5 90 N 8 3 2
CMP 8 1.551181 -0.350394 -180 N D1 PartName
TOP 0 1.433071 -0.350394 180 N 8 4 1
TOP 1 1.551181 -0.350394 180 N 73 314 2
CMP 8 1.551181 0.043307 -180 N D2 PartName
TOP 0 1.433071 0.043307 180 N 7 3 1
TOP 1 1.551181 0.043307 180 N 73 315 2
CMP 8 1.551181 -0.220472 -180 N D3 PartName
TOP 0 1.433071 -0.220472 180 N 9 4 1
TOP 1 1.551181 -0.220472 180 N 73 316 2
CMP 12 0.15748 -0.555118 -180 N R22 PartName
TOP 0 0.15748 -0.555118 180 N 136 28 1
TOP 1 0.07874 -0.555118 180 N 156 189 2
CMP 3 1.208661 -0.787402 -180 N R43 PartName
TOP 0 1.208661 -0.787402 180 N 28 75 1
TOP 1 1.129921 -0.787402 180 N 6 6 2
CMP 8 1.551181 -0.098425 -180 N D13 PartName
TOP 0 1.433071 -0.098425 180 N 25 3 1
TOP 1 1.551181 -0.098425 180 N 73 341 2
CMP 3 0.661417 0.111 90 N R91 PartName
TOP 0 0.661417 0.111 -90 N 142 1 1
TOP 1 0.661417 0.03226 -90 N 25 4 2
CMP 3 -0.606299 -0.724409 -180 N R62 PartName
TOP 0 -0.606299 -0.724409 180 N 73 342 1
TOP 1 -0.685039 -0.724409 180 N 141 15 2
CMP 3 -2.129921 -1.106299 90 N R76 PartName
TOP 0 -2.129921 -1.106299 -90 N 28 76 1
TOP 1 -2.129921 -1.185039 -90 N 74 13 2
CMP 24 1.192882 0.559055 -90 N U2 PartName
TOP 0 1.192882 0.468055 90 N 73 355 1
TOP 1 1.192882 0.559055 90 N 156 201 2
TOP 2 1.192882 0.650055 90 N 157 17 3
TOP 3 0.944882 0.559055 0 N 156 202 4
CMP 8 -0.740157 1.023622 -0 N D4 PartName
TOP 0 -0.622047 1.023622 0 N 26 6 1
TOP 1 -0.740157 1.023622 0 N 73 357 2
CMP 26 -0.606299 0.807087 -90 N R4 PartName
TOP 0 -0.606299 0.807087 90 N 118 18 1
TOP 1 -0.606299 0.870079 90 N 26 7 2
CMP 29 -1.975591 0.536614 -0 N SW2 PartName
TOP 0 -2.172441 0.536614 0 N 144 8 1
TOP 1 -2.172441 0.780709 0 N 159 57 2
TOP 2 -1.975591 0.780709 0 N 73 360 3
TOP 3 -1.975591 0.536614 0 N 159 58 4
CMP 29 -1.612992 0.53622 -0 N SW3 PartName
TOP 0 -1.809843 0.53622 0 N 146 12 1
TOP 1 -1.809843 0.780315 0 N 159 59 2
TOP 2 -1.612992 0.780315 0 N 73 361 3
TOP 3 -1.612992 0.53622 0 N 159 60 4
CMP 29 -1.975984 0.134646 -0 N SW4 PartName
TOP 0 -2.172835 0.134646 0 N 145 2 1
TOP 1 -2.172835 0.37874 0 N 159 61 2
TOP 2 -1.975984 0.37874 0 N 73 362 3
TOP 3 -1.975984 0.134646 0 N 73 363 4
CMP 29 -1.614567 0.134843 -0 N SW5 PartName
TOP 0 -1.811417 0.134843 0 N 147 6 1
TOP 1 -1.811417 0.378937 0 N 159 62 2
TOP 2 -1.614567 0.378937 0 N 73 364 3
TOP 3 -1.614567 0.134843 0 N 159 63 4
CMP 29 -1.977362 -0.554134 -0 N SW6 PartName
TOP 0 -2.174213 -0.554134 0 N 159 64 1
TOP 1 -2.174213 -0.310039 0 N 148 4 2
TOP 2 -1.977362 -0.310039 0 N 73 365 3
TOP 3 -1.977362 -0.554134 0 N 159 65 4
CMP 29 -1.612205 -0.554331 -0 N SW7 PartName
TOP 0 -1.809055 -0.554331 0 N 159 66 1
TOP 1 -1.809055 -0.310236 0 N 149 2 2
TOP 2 -1.612205 -0.310236 0 N 73 366 3
TOP 3 -1.612205 -0.554331 0 N 159 67 4
CMP 29 -1.977362 -0.950197 -0 N SW8 PartName
TOP 0 -2.174213 -0.950197 0 N 150 8 1
TOP 1 -2.174213 -0.706102 0 N 159 68 2
TOP 2 -1.977362 -0.706102 0 N 73 367 3
TOP 3 -1.977362 -0.950197 0 N 159 69 4
CMP 29 -1.612992 -0.949016 -0 N SW9 PartName
TOP 0 -1.809843 -0.949016 0 N 159 70 1
TOP 1 -1.809843 -0.704921 0 N 151 6 2
TOP 2 -1.612992 -0.704921 0 N 73 368 3
TOP 3 -1.612992 -0.949016 0 N 159 71 4
CMP 32 1.456299 0.635827 -270 N J5 PartName
TOP 0 1.456299 0.635827 270 N 157 18 1
TOP 1 1.456299 0.535827 270 N 27 4 2
CMP 26 1.401575 0.358268 -0 N R1 PartName
TOP 0 1.401575 0.358268 0 N 157 19 1
TOP 1 1.464567 0.358268 0 N 32 18 2
CMP 26 1.401575 0.267717 -0 N R5 PartName
TOP 0 1.401575 0.267717 0 N 73 375 1
TOP 1 1.464567 0.267717 0 N 32 19 2
