# XDBGEN converter version 211
#topsilk
$0 r8
$1 r7.874016
$2 r9.84252
@0 .geometry
@1 .drill
@2 .pad_usage
&0  
L 0.958189 2.118854 0.958189 2.088854 0 P 0
L 0.958189 2.088854 0.964439 2.082854 0 P 0
L 0.964439 2.082854 0.989439 2.082854 0 P 0
L 0.989439 2.082854 0.995689 2.088854 0 P 0
L 0.995689 2.088854 0.995689 2.118854 0 P 0
L 1.020689 2.106854 1.033189 2.118854 0 P 0
L 1.033189 2.118854 1.033189 2.082854 0 P 0
L 0.047244 1.785433 0.047244 1.773622 1 P 0
L 0.102362 1.785433 0.102362 1.773622 1 P 0
L 0.080535 1.843638 0.050535 1.843638 0 P 0
L 0.050535 1.843638 0.050535 1.868638 0 P 0
L 0.050535 1.868638 0.055535 1.873638 0 P 0
L 0.055535 1.873638 0.060535 1.873638 0 P 0
L 0.060535 1.873638 0.065535 1.868638 0 P 0
L 0.065535 1.868638 0.065535 1.843638 0 P 0
L 0.065535 1.868638 0.070535 1.873638 0 P 0
L 0.070535 1.873638 0.080535 1.873638 0 P 0
L 0.055535 1.888638 0.050535 1.893638 0 P 0
L 0.050535 1.893638 0.050535 1.908638 0 P 0
L 0.050535 1.908638 0.055535 1.913638 0 P 0
L 0.055535 1.913638 0.060535 1.913638 0 P 0
L 0.060535 1.913638 0.065535 1.908638 0 P 0
L 0.065535 1.908638 0.065535 1.893638 0 P 0
L 0.065535 1.893638 0.070535 1.888638 0 P 0
L 0.070535 1.888638 0.080535 1.888638 0 P 0
L 0.080535 1.888638 0.080535 1.913638 0 P 0
L 0.295939 2.060361 0.295939 2.072172 1 P 0
L 0.24082 2.060361 0.24082 2.072172 1 P 0
L 0.214899 2.062896 0.184899 2.062896 0 P 0
L 0.184899 2.062896 0.184899 2.087896 0 P 0
L 0.184899 2.087896 0.189899 2.092896 0 P 0
L 0.189899 2.092896 0.194899 2.092896 0 P 0
L 0.194899 2.092896 0.199899 2.087896 0 P 0
L 0.199899 2.087896 0.199899 2.062896 0 P 0
L 0.199899 2.087896 0.204899 2.092896 0 P 0
L 0.204899 2.092896 0.214899 2.092896 0 P 0
L 0.189899 2.107896 0.184899 2.112896 0 P 0
L 0.184899 2.112896 0.184899 2.127896 0 P 0
L 0.184899 2.127896 0.189899 2.132896 0 P 0
L 0.189899 2.132896 0.194899 2.132896 0 P 0
L 0.194899 2.132896 0.199899 2.127896 0 P 0
L 0.199899 2.127896 0.204899 2.132896 0 P 0
L 0.204899 2.132896 0.209899 2.132896 0 P 0
L 0.209899 2.132896 0.214899 2.127896 0 P 0
L 0.214899 2.127896 0.214899 2.112896 0 P 0
L 0.214899 2.112896 0.209899 2.107896 0 P 0
L 0.199899 2.117896 0.199899 2.127896 0 P 0
L 1.294307 1.92126 1.251 1.92126 1 P 0
L 1.294307 1.858268 1.251 1.858268 1 P 0
L 1.294307 1.858268 1.294307 1.92126 1 P 0
L 1.288402 1.92126 1.288402 1.858268 1 P 0
L 1.282496 1.92126 1.282496 1.858268 1 P 0
L 1.276591 1.92126 1.276591 1.858268 1 P 0
L 1.107598 1.92837 1.107598 1.95837 0 P 0
L 1.107598 1.95837 1.127598 1.95837 0 P 0
L 1.127598 1.95837 1.137598 1.94837 0 P 0
L 1.137598 1.94837 1.137598 1.93837 0 P 0
L 1.137598 1.93837 1.127598 1.92837 0 P 0
L 1.127598 1.92837 1.107598 1.92837 0 P 0
L 1.157598 1.94837 1.167598 1.95837 0 P 0
L 1.167598 1.95837 1.167598 1.92837 0 P 0
L 1.294307 1.724409 1.251 1.724409 1 P 0
L 1.294307 1.661417 1.251 1.661417 1 P 0
L 1.294307 1.661417 1.294307 1.724409 1 P 0
L 1.288402 1.724409 1.288402 1.661417 1 P 0
L 1.282496 1.724409 1.282496 1.661417 1 P 0
L 1.276591 1.724409 1.276591 1.661417 1 P 0
L 1.103102 1.708291 1.103102 1.738291 0 P 0
L 1.103102 1.738291 1.123102 1.738291 0 P 0
L 1.123102 1.738291 1.133102 1.728291 0 P 0
L 1.133102 1.728291 1.133102 1.718291 0 P 0
L 1.133102 1.718291 1.123102 1.708291 0 P 0
L 1.123102 1.708291 1.103102 1.708291 0 P 0
L 1.148102 1.733291 1.153102 1.738291 0 P 0
L 1.153102 1.738291 1.168102 1.738291 0 P 0
L 1.168102 1.738291 1.173102 1.733291 0 P 0
L 1.173102 1.733291 1.173102 1.728291 0 P 0
L 1.173102 1.728291 1.168102 1.723291 0 P 0
L 1.168102 1.723291 1.153102 1.723291 0 P 0
L 1.153102 1.723291 1.148102 1.718291 0 P 0
L 1.148102 1.718291 1.148102 1.708291 0 P 0
L 1.148102 1.708291 1.173102 1.708291 0 P 0
L 1.294307 1.822835 1.251 1.822835 1 P 0
L 1.294307 1.759843 1.251 1.759843 1 P 0
L 1.294307 1.759843 1.294307 1.822835 1 P 0
L 1.288402 1.822835 1.288402 1.759843 1 P 0
L 1.282496 1.822835 1.282496 1.759843 1 P 0
L 1.276591 1.822835 1.276591 1.759843 1 P 0
L 1.109165 1.820063 1.109165 1.850063 0 P 0
L 1.109165 1.850063 1.129165 1.850063 0 P 0
L 1.129165 1.850063 1.139165 1.840063 0 P 0
L 1.139165 1.840063 1.139165 1.830063 0 P 0
L 1.139165 1.830063 1.129165 1.820063 0 P 0
L 1.129165 1.820063 1.109165 1.820063 0 P 0
L 1.154165 1.845063 1.159165 1.850063 0 P 0
L 1.159165 1.850063 1.174165 1.850063 0 P 0
L 1.174165 1.850063 1.179165 1.845063 0 P 0
L 1.179165 1.845063 1.179165 1.840063 0 P 0
L 1.179165 1.840063 1.174165 1.835063 0 P 0
L 1.174165 1.835063 1.179165 1.830063 0 P 0
L 1.179165 1.830063 1.179165 1.825063 0 P 0
L 1.179165 1.825063 1.174165 1.820063 0 P 0
L 1.174165 1.820063 1.159165 1.820063 0 P 0
L 1.159165 1.820063 1.154165 1.825063 0 P 0
L 1.164165 1.835063 1.174165 1.835063 0 P 0
L 0.271654 1.742126 0.271654 1.730315 1 P 0
L 0.326772 1.742126 0.326772 1.730315 1 P 0
L 0.37989 1.69326 0.34989 1.69326 0 P 0
L 0.34989 1.69326 0.34989 1.71826 0 P 0
L 0.34989 1.71826 0.35489 1.72326 0 P 0
L 0.35489 1.72326 0.35989 1.72326 0 P 0
L 0.35989 1.72326 0.36489 1.71826 0 P 0
L 0.36489 1.71826 0.36489 1.69326 0 P 0
L 0.36489 1.71826 0.36989 1.72326 0 P 0
L 0.36989 1.72326 0.37989 1.72326 0 P 0
L 0.35489 1.73826 0.34989 1.74326 0 P 0
L 0.34989 1.74326 0.34989 1.75826 0 P 0
L 0.34989 1.75826 0.35489 1.76326 0 P 0
L 0.35489 1.76326 0.35989 1.76326 0 P 0
L 0.35989 1.76326 0.36489 1.75826 0 P 0
L 0.36489 1.75826 0.36989 1.76326 0 P 0
L 0.36989 1.76326 0.37489 1.76326 0 P 0
L 0.37489 1.76326 0.37989 1.75826 0 P 0
L 0.37989 1.75826 0.37989 1.74326 0 P 0
L 0.37989 1.74326 0.37489 1.73826 0 P 0
L 0.36489 1.74826 0.36489 1.75826 0 P 0
L 0.35489 1.77826 0.34989 1.78326 0 P 0
L 0.34989 1.78326 0.34989 1.79826 0 P 0
L 0.34989 1.79826 0.35489 1.80326 0 P 0
L 0.35489 1.80326 0.35989 1.80326 0 P 0
L 0.35989 1.80326 0.36489 1.79826 0 P 0
L 0.36489 1.79826 0.36989 1.80326 0 P 0
L 0.36989 1.80326 0.37489 1.80326 0 P 0
L 0.37489 1.80326 0.37989 1.79826 0 P 0
L 0.37989 1.79826 0.37989 1.78326 0 P 0
L 0.37989 1.78326 0.37489 1.77826 0 P 0
L 0.36489 1.78826 0.36489 1.79826 0 P 0
L 0.32874 2.066929 0.379921 2.066929 1 P 0
L 0.437181 2.036992 0.442181 2.031992 0 P 0
L 0.442181 2.031992 0.442181 2.016992 0 P 0
L 0.442181 2.016992 0.432181 2.006992 0 P 0
L 0.432181 2.006992 0.422181 2.006992 0 P 0
L 0.422181 2.006992 0.412181 2.016992 0 P 0
L 0.412181 2.016992 0.412181 2.031992 0 P 0
L 0.412181 2.031992 0.417181 2.036992 0 P 0
L 0.417181 2.051992 0.412181 2.056992 0 P 0
L 0.412181 2.056992 0.412181 2.071992 0 P 0
L 0.412181 2.071992 0.417181 2.076992 0 P 0
L 0.417181 2.076992 0.422181 2.076992 0 P 0
L 0.422181 2.076992 0.427181 2.071992 0 P 0
L 0.427181 2.071992 0.427181 2.056992 0 P 0
L 0.427181 2.056992 0.432181 2.051992 0 P 0
L 0.432181 2.051992 0.442181 2.051992 0 P 0
L 0.442181 2.051992 0.442181 2.076992 0 P 0
L 0.427181 2.096992 0.422181 2.091992 0 P 0
L 0.422181 2.091992 0.417181 2.091992 0 P 0
L 0.417181 2.091992 0.412181 2.096992 0 P 0
L 0.412181 2.096992 0.412181 2.111992 0 P 0
L 0.412181 2.111992 0.417181 2.116992 0 P 0
L 0.417181 2.116992 0.422181 2.116992 0 P 0
L 0.422181 2.116992 0.427181 2.111992 0 P 0
L 0.427181 2.111992 0.427181 2.096992 0 P 0
L 0.427181 2.096992 0.432181 2.091992 0 P 0
L 0.432181 2.091992 0.437181 2.091992 0 P 0
L 0.437181 2.091992 0.442181 2.096992 0 P 0
L 0.442181 2.096992 0.442181 2.111992 0 P 0
L 0.442181 2.111992 0.437181 2.116992 0 P 0
L 0.437181 2.116992 0.432181 2.116992 0 P 0
L 0.432181 2.116992 0.427181 2.111992 0 P 0
L 0.316929 1.92126 0.32874 1.92126 1 P 0
L 0.316929 1.976378 0.32874 1.976378 1 P 0
L 0.228669 1.852008 0.228669 1.882008 0 P 0
L 0.228669 1.882008 0.253669 1.882008 0 P 0
L 0.253669 1.882008 0.258669 1.877008 0 P 0
L 0.258669 1.877008 0.258669 1.872008 0 P 0
L 0.258669 1.872008 0.253669 1.867008 0 P 0
L 0.253669 1.867008 0.228669 1.867008 0 P 0
L 0.253669 1.867008 0.258669 1.862008 0 P 0
L 0.258669 1.862008 0.258669 1.852008 0 P 0
L 0.273669 1.877008 0.278669 1.882008 0 P 0
L 0.278669 1.882008 0.293669 1.882008 0 P 0
L 0.293669 1.882008 0.298669 1.877008 0 P 0
L 0.298669 1.877008 0.298669 1.872008 0 P 0
L 0.298669 1.872008 0.293669 1.867008 0 P 0
L 0.293669 1.867008 0.298669 1.862008 0 P 0
L 0.298669 1.862008 0.298669 1.857008 0 P 0
L 0.298669 1.857008 0.293669 1.852008 0 P 0
L 0.293669 1.852008 0.278669 1.852008 0 P 0
L 0.278669 1.852008 0.273669 1.857008 0 P 0
L 0.283669 1.867008 0.293669 1.867008 0 P 0
L 0.313669 1.877008 0.318669 1.882008 0 P 0
L 0.318669 1.882008 0.333669 1.882008 0 P 0
L 0.333669 1.882008 0.338669 1.877008 0 P 0
L 0.338669 1.877008 0.338669 1.872008 0 P 0
L 0.338669 1.872008 0.333669 1.867008 0 P 0
L 0.333669 1.867008 0.318669 1.867008 0 P 0
L 0.318669 1.867008 0.313669 1.862008 0 P 0
L 0.313669 1.862008 0.313669 1.852008 0 P 0
L 0.313669 1.852008 0.338669 1.852008 0 P 0
L 1.294307 1.625984 1.251 1.625984 1 P 0
L 1.294307 1.562992 1.251 1.562992 1 P 0
L 1.294307 1.562992 1.294307 1.625984 1 P 0
L 1.288402 1.625984 1.288402 1.562992 1 P 0
L 1.282496 1.625984 1.282496 1.562992 1 P 0
L 1.276591 1.625984 1.276591 1.562992 1 P 0
L 1.106075 1.516929 1.106075 1.546929 0 P 0
L 1.106075 1.546929 1.126075 1.546929 0 P 0
L 1.126075 1.546929 1.136075 1.536929 0 P 0
L 1.136075 1.536929 1.136075 1.526929 0 P 0
L 1.136075 1.526929 1.126075 1.516929 0 P 0
L 1.126075 1.516929 1.106075 1.516929 0 P 0
L 1.156075 1.536929 1.166075 1.546929 0 P 0
L 1.166075 1.546929 1.166075 1.516929 0 P 0
L 1.191075 1.541929 1.196075 1.546929 0 P 0
L 1.196075 1.546929 1.211075 1.546929 0 P 0
L 1.211075 1.546929 1.216075 1.541929 0 P 0
L 1.216075 1.541929 1.216075 1.536929 0 P 0
L 1.216075 1.536929 1.211075 1.531929 0 P 0
L 1.211075 1.531929 1.216075 1.526929 0 P 0
L 1.216075 1.526929 1.216075 1.521929 0 P 0
L 1.216075 1.521929 1.211075 1.516929 0 P 0
L 1.211075 1.516929 1.196075 1.516929 0 P 0
L 1.196075 1.516929 1.191075 1.521929 0 P 0
L 1.201075 1.531929 1.211075 1.531929 0 P 0
L 0.271102 0.96761 0.277102 0.96761 0 P 0
L 0.277102 0.96761 0.283102 0.97386 0 P 0
L 0.283102 0.97386 0.283102 0.99886 0 P 0
L 0.283102 0.99886 0.277102 1.00511 0 P 0
L 0.277102 1.00511 0.247102 1.00511 0 P 0
L 0.253102 1.02386 0.247102 1.03011 0 P 0
L 0.247102 1.03011 0.247102 1.04886 0 P 0
L 0.247102 1.04886 0.253102 1.05511 0 P 0
L 0.253102 1.05511 0.259102 1.05511 0 P 0
L 0.259102 1.05511 0.265102 1.04886 0 P 0
L 0.265102 1.04886 0.271102 1.05511 0 P 0
L 0.271102 1.05511 0.277102 1.05511 0 P 0
L 0.277102 1.05511 0.283102 1.04886 0 P 0
L 0.283102 1.04886 0.283102 1.03011 0 P 0
L 0.283102 1.03011 0.277102 1.02386 0 P 0
L 0.265102 1.03636 0.265102 1.04886 0 P 0
L 0.126969 0.405512 0.126969 0.271654 1 P 0
L 0.04626 0.405512 0.04626 0.271654 1 P 0
L 0.038031 0.220807 0.043031 0.215807 0 P 0
L 0.043031 0.215807 0.043031 0.200807 0 P 0
L 0.043031 0.200807 0.033031 0.190807 0 P 0
L 0.033031 0.190807 0.023031 0.190807 0 P 0
L 0.023031 0.190807 0.013031 0.200807 0 P 0
L 0.013031 0.200807 0.013031 0.215807 0 P 0
L 0.013031 0.215807 0.018031 0.220807 0 P 0
L 0.023031 0.240807 0.013031 0.250807 0 P 0
L 0.013031 0.250807 0.043031 0.250807 0 P 0
L 0.826772 1.450787 0.826772 1.494094 1 P 0
L 0.755906 1.450787 0.755906 1.494094 1 P 0
L 0.893386 1.541181 0.898386 1.536181 0 P 0
L 0.898386 1.536181 0.898386 1.521181 0 P 0
L 0.898386 1.521181 0.888386 1.511181 0 P 0
L 0.888386 1.511181 0.878386 1.511181 0 P 0
L 0.878386 1.511181 0.868386 1.521181 0 P 0
L 0.868386 1.521181 0.868386 1.536181 0 P 0
L 0.868386 1.536181 0.873386 1.541181 0 P 0
L 0.873386 1.581181 0.868386 1.576181 0 P 0
L 0.868386 1.576181 0.868386 1.561181 0 P 0
L 0.868386 1.561181 0.873386 1.556181 0 P 0
L 0.873386 1.556181 0.893386 1.556181 0 P 0
L 0.893386 1.556181 0.898386 1.561181 0 P 0
L 0.898386 1.561181 0.898386 1.576181 0 P 0
L 0.898386 1.576181 0.893386 1.581181 0 P 0
L 0.893386 1.581181 0.888386 1.581181 0 P 0
L 0.888386 1.581181 0.883386 1.576181 0 P 0
L 0.883386 1.576181 0.883386 1.556181 0 P 0
L 0.09474 0.751661 0.09474 0.733661 0 P 0
L 0.06274 0.751661 0.06274 0.733661 0 P 0
L 0.040315 0.701165 0.045315 0.696165 0 P 0
L 0.045315 0.696165 0.045315 0.681165 0 P 0
L 0.045315 0.681165 0.035315 0.671165 0 P 0
L 0.035315 0.671165 0.025315 0.671165 0 P 0
L 0.025315 0.671165 0.015315 0.681165 0 P 0
L 0.015315 0.681165 0.015315 0.696165 0 P 0
L 0.015315 0.696165 0.020315 0.701165 0 P 0
L 0.020315 0.716165 0.015315 0.721165 0 P 0
L 0.015315 0.721165 0.015315 0.736165 0 P 0
L 0.015315 0.736165 0.020315 0.741165 0 P 0
L 0.020315 0.741165 0.025315 0.741165 0 P 0
L 0.025315 0.741165 0.030315 0.736165 0 P 0
L 0.030315 0.736165 0.035315 0.741165 0 P 0
L 0.035315 0.741165 0.040315 0.741165 0 P 0
L 0.040315 0.741165 0.045315 0.736165 0 P 0
L 0.045315 0.736165 0.045315 0.721165 0 P 0
L 0.045315 0.721165 0.040315 0.716165 0 P 0
L 0.030315 0.726165 0.030315 0.736165 0 P 0
L 0.480315 0.549213 0.480315 0.59252 1 P 0
L 0.417323 0.549213 0.417323 0.59252 1 P 0
L 0.417323 0.549213 0.480315 0.549213 1 P 0
L 0.480315 0.555118 0.417323 0.555118 1 P 0
L 0.480315 0.561024 0.417323 0.561024 1 P 0
L 0.480315 0.566929 0.417323 0.566929 1 P 0
L 0.531336 0.63322 0.501336 0.63322 0 P 0
L 0.501336 0.63322 0.501336 0.65322 0 P 0
L 0.501336 0.65322 0.511336 0.66322 0 P 0
L 0.511336 0.66322 0.521336 0.66322 0 P 0
L 0.521336 0.66322 0.531336 0.65322 0 P 0
L 0.531336 0.65322 0.531336 0.63322 0 P 0
L 0.521336 0.70322 0.521336 0.67322 0 P 0
L 0.521336 0.67322 0.501336 0.69322 0 P 0
L 0.501336 0.69322 0.531336 0.69322 0 P 0
L 0.42126 0.688976 0.42126 0.65748 1 P 0
L 0.271024 0.664606 0.271024 0.694606 0 P 0
L 0.271024 0.694606 0.296024 0.694606 0 P 0
L 0.296024 0.694606 0.301024 0.689606 0 P 0
L 0.301024 0.689606 0.301024 0.684606 0 P 0
L 0.301024 0.684606 0.296024 0.679606 0 P 0
L 0.296024 0.679606 0.271024 0.679606 0 P 0
L 0.296024 0.679606 0.301024 0.674606 0 P 0
L 0.301024 0.674606 0.301024 0.664606 0 P 0
L 0.341024 0.674606 0.311024 0.674606 0 P 0
L 0.311024 0.674606 0.331024 0.694606 0 P 0
L 0.331024 0.694606 0.331024 0.664606 0 P 0
L 0.19685 0.69685 0.19685 0.728346 1 P 0
L 0.115512 0.752244 0.115512 0.782244 0 P 0
L 0.115512 0.782244 0.140512 0.782244 0 P 0
L 0.140512 0.782244 0.145512 0.777244 0 P 0
L 0.145512 0.777244 0.145512 0.772244 0 P 0
L 0.145512 0.772244 0.140512 0.767244 0 P 0
L 0.140512 0.767244 0.115512 0.767244 0 P 0
L 0.140512 0.767244 0.145512 0.762244 0 P 0
L 0.145512 0.762244 0.145512 0.752244 0 P 0
L 0.185512 0.782244 0.160512 0.782244 0 P 0
L 0.160512 0.782244 0.160512 0.772244 0 P 0
L 0.160512 0.772244 0.180512 0.772244 0 P 0
L 0.180512 0.772244 0.185512 0.767244 0 P 0
L 0.185512 0.767244 0.185512 0.757244 0 P 0
L 0.185512 0.757244 0.180512 0.752244 0 P 0
L 0.180512 0.752244 0.165512 0.752244 0 P 0
L 0.165512 0.752244 0.160512 0.757244 0 P 0
L 0.755906 1.297244 0.755906 1.253937 1 P 0
L 0.826772 1.297244 0.826772 1.253937 1 P 0
L 0.73878 1.237047 0.74378 1.232047 0 P 0
L 0.74378 1.232047 0.74378 1.217047 0 P 0
L 0.74378 1.217047 0.73378 1.207047 0 P 0
L 0.73378 1.207047 0.72378 1.207047 0 P 0
L 0.72378 1.207047 0.71378 1.217047 0 P 0
L 0.71378 1.217047 0.71378 1.232047 0 P 0
L 0.71378 1.232047 0.71878 1.237047 0 P 0
L 0.71378 1.252047 0.71378 1.277047 0 P 0
L 0.71378 1.277047 0.71878 1.277047 0 P 0
L 0.71878 1.277047 0.74378 1.252047 0 P 0
L 0.110236 0.549213 0.110236 0.59252 1 P 0
L 0.047244 0.549213 0.047244 0.59252 1 P 0
L 0.047244 0.549213 0.110236 0.549213 1 P 0
L 0.110236 0.555118 0.047244 0.555118 1 P 0
L 0.110236 0.561024 0.047244 0.561024 1 P 0
L 0.110236 0.566929 0.047244 0.566929 1 P 0
L 0.154291 0.533327 0.124291 0.533327 0 P 0
L 0.124291 0.533327 0.124291 0.553327 0 P 0
L 0.124291 0.553327 0.134291 0.563327 0 P 0
L 0.134291 0.563327 0.144291 0.563327 0 P 0
L 0.144291 0.563327 0.154291 0.553327 0 P 0
L 0.154291 0.553327 0.154291 0.533327 0 P 0
L 0.124291 0.603327 0.124291 0.578327 0 P 0
L 0.124291 0.578327 0.134291 0.578327 0 P 0
L 0.134291 0.578327 0.134291 0.598327 0 P 0
L 0.134291 0.598327 0.139291 0.603327 0 P 0
L 0.139291 0.603327 0.149291 0.603327 0 P 0
L 0.149291 0.603327 0.154291 0.598327 0 P 0
L 0.154291 0.598327 0.154291 0.583327 0 P 0
L 0.154291 0.583327 0.149291 0.578327 0 P 0
L 1.189717 1.318898 1.195717 1.318898 0 P 0
L 1.195717 1.318898 1.201717 1.325148 0 P 0
L 1.201717 1.325148 1.201717 1.350148 0 P 0
L 1.201717 1.350148 1.195717 1.356398 0 P 0
L 1.195717 1.356398 1.165717 1.356398 0 P 0
L 1.189717 1.406398 1.189717 1.368898 0 P 0
L 1.189717 1.368898 1.165717 1.393898 0 P 0
L 1.165717 1.393898 1.201717 1.393898 0 P 0
L 1.189717 1.019685 1.195717 1.019685 0 P 0
L 1.195717 1.019685 1.201717 1.025935 0 P 0
L 1.201717 1.025935 1.201717 1.050935 0 P 0
L 1.201717 1.050935 1.195717 1.057185 0 P 0
L 1.195717 1.057185 1.165717 1.057185 0 P 0
L 1.165717 1.107185 1.165717 1.075935 0 P 0
L 1.165717 1.075935 1.177717 1.075935 0 P 0
L 1.177717 1.075935 1.177717 1.100935 0 P 0
L 1.177717 1.100935 1.183717 1.107185 0 P 0
L 1.183717 1.107185 1.195717 1.107185 0 P 0
L 1.195717 1.107185 1.201717 1.100935 0 P 0
L 1.201717 1.100935 1.201717 1.082185 0 P 0
L 1.201717 1.082185 1.195717 1.075935 0 P 0
L 1.189717 0.718898 1.195717 0.718898 0 P 0
L 1.195717 0.718898 1.201717 0.725148 0 P 0
L 1.201717 0.725148 1.201717 0.750148 0 P 0
L 1.201717 0.750148 1.195717 0.756398 0 P 0
L 1.195717 0.756398 1.165717 0.756398 0 P 0
L 1.171717 0.806398 1.165717 0.800148 0 P 0
L 1.165717 0.800148 1.165717 0.781398 0 P 0
L 1.165717 0.781398 1.171717 0.775148 0 P 0
L 1.171717 0.775148 1.195717 0.775148 0 P 0
L 1.195717 0.775148 1.201717 0.781398 0 P 0
L 1.201717 0.781398 1.201717 0.800148 0 P 0
L 1.201717 0.800148 1.195717 0.806398 0 P 0
L 1.195717 0.806398 1.189717 0.806398 0 P 0
L 1.189717 0.806398 1.183717 0.800148 0 P 0
L 1.183717 0.800148 1.183717 0.775148 0 P 0
L 1.189717 0.411811 1.195717 0.411811 0 P 0
L 1.195717 0.411811 1.201717 0.418061 0 P 0
L 1.201717 0.418061 1.201717 0.443061 0 P 0
L 1.201717 0.443061 1.195717 0.449311 0 P 0
L 1.195717 0.449311 1.165717 0.449311 0 P 0
L 1.165717 0.468061 1.165717 0.499311 0 P 0
L 1.165717 0.499311 1.171717 0.499311 0 P 0
L 1.171717 0.499311 1.201717 0.468061 0 P 0
L 0.538701 1.443693 0.506826 1.443693 0 P 0
L 0.506826 1.443693 0.506006 1.447874 0 P 0
L 0.506006 1.447874 0.503754 1.451247 0 P 0
L 0.503754 1.451247 0.500382 1.453498 0 P 0
L 0.500382 1.453498 0.496201 1.454318 0 P 0
L 0.485576 1.443693 0.486395 1.447874 0 P 0
L 0.486395 1.447874 0.488647 1.451247 0 P 0
L 0.488647 1.451247 0.492019 1.453498 0 P 0
L 0.492019 1.453498 0.496201 1.454318 0 P 0
L 0.485576 1.443693 0.453701 1.443693 0 P 0
L 0.508701 1.619693 0.483701 1.619693 0 P 0
L 0.538701 1.456693 0.538701 1.606693 0 P 0
L 0.453701 1.456693 0.453701 1.606693 0 P 0
L 0.538701 1.456693 0.538701 1.443693 0 P 0
L 0.453701 1.443693 0.453701 1.456693 0 P 0
L 0.483701 1.619693 0.453701 1.619693 0 P 0
L 0.453701 1.619693 0.453701 1.606693 0 P 0
L 0.538701 1.606693 0.538701 1.619693 0 P 0
L 0.538701 1.619693 0.508701 1.619693 0 P 0
L 0.561685 1.667468 0.561685 1.642468 0 P 0
L 0.561685 1.642468 0.566685 1.637468 0 P 0
L 0.566685 1.637468 0.586685 1.637468 0 P 0
L 0.586685 1.637468 0.591685 1.642468 0 P 0
L 0.591685 1.642468 0.591685 1.667468 0 P 0
L 0.631685 1.647468 0.601685 1.647468 0 P 0
L 0.601685 1.647468 0.621685 1.667468 0 P 0
L 0.621685 1.667468 0.621685 1.637468 0 P 0
L 0.704724 1.586614 0.673228 1.586614 1 P 0
L 0.710354 1.420315 0.680354 1.420315 0 P 0
L 0.680354 1.420315 0.680354 1.445315 0 P 0
L 0.680354 1.445315 0.685354 1.450315 0 P 0
L 0.685354 1.450315 0.690354 1.450315 0 P 0
L 0.690354 1.450315 0.695354 1.445315 0 P 0
L 0.695354 1.445315 0.695354 1.420315 0 P 0
L 0.695354 1.445315 0.700354 1.450315 0 P 0
L 0.700354 1.450315 0.710354 1.450315 0 P 0
L 0.690354 1.470315 0.680354 1.480315 0 P 0
L 0.680354 1.480315 0.710354 1.480315 0 P 0
L 0.680354 1.530315 0.680354 1.505315 0 P 0
L 0.680354 1.505315 0.690354 1.505315 0 P 0
L 0.690354 1.505315 0.690354 1.525315 0 P 0
L 0.690354 1.525315 0.695354 1.530315 0 P 0
L 0.695354 1.530315 0.705354 1.530315 0 P 0
L 0.705354 1.530315 0.710354 1.525315 0 P 0
L 0.710354 1.525315 0.710354 1.510315 0 P 0
L 0.710354 1.510315 0.705354 1.505315 0 P 0
L 0.538701 1.207472 0.506826 1.207472 0 P 0
L 0.506826 1.207472 0.506006 1.211654 0 P 0
L 0.506006 1.211654 0.503754 1.215026 0 P 0
L 0.503754 1.215026 0.500382 1.217278 0 P 0
L 0.500382 1.217278 0.496201 1.218098 0 P 0
L 0.485576 1.207472 0.486395 1.211654 0 P 0
L 0.486395 1.211654 0.488647 1.215026 0 P 0
L 0.488647 1.215026 0.492019 1.217278 0 P 0
L 0.492019 1.217278 0.496201 1.218098 0 P 0
L 0.485576 1.207472 0.453701 1.207472 0 P 0
L 0.508701 1.383472 0.483701 1.383472 0 P 0
L 0.538701 1.220472 0.538701 1.370472 0 P 0
L 0.453701 1.220472 0.453701 1.370472 0 P 0
L 0.538701 1.220472 0.538701 1.207472 0 P 0
L 0.453701 1.207472 0.453701 1.220472 0 P 0
L 0.483701 1.383472 0.453701 1.383472 0 P 0
L 0.453701 1.383472 0.453701 1.370472 0 P 0
L 0.538701 1.370472 0.538701 1.383472 0 P 0
L 0.538701 1.383472 0.508701 1.383472 0 P 0
L 0.263287 1.202087 0.263287 1.177087 0 P 0
L 0.263287 1.177087 0.268287 1.172087 0 P 0
L 0.268287 1.172087 0.288287 1.172087 0 P 0
L 0.288287 1.172087 0.293287 1.177087 0 P 0
L 0.293287 1.177087 0.293287 1.202087 0 P 0
L 0.333287 1.202087 0.308287 1.202087 0 P 0
L 0.308287 1.202087 0.308287 1.192087 0 P 0
L 0.308287 1.192087 0.328287 1.192087 0 P 0
L 0.328287 1.192087 0.333287 1.187087 0 P 0
L 0.333287 1.187087 0.333287 1.177087 0 P 0
L 0.333287 1.177087 0.328287 1.172087 0 P 0
L 0.328287 1.172087 0.313287 1.172087 0 P 0
L 0.313287 1.172087 0.308287 1.177087 0 P 0
L 0.69685 1.350394 0.665354 1.350394 1 P 0
L 0.69348 1.186472 0.66348 1.186472 0 P 0
L 0.66348 1.186472 0.66348 1.211472 0 P 0
L 0.66348 1.211472 0.66848 1.216472 0 P 0
L 0.66848 1.216472 0.67348 1.216472 0 P 0
L 0.67348 1.216472 0.67848 1.211472 0 P 0
L 0.67848 1.211472 0.67848 1.186472 0 P 0
L 0.67848 1.211472 0.68348 1.216472 0 P 0
L 0.68348 1.216472 0.69348 1.216472 0 P 0
L 0.67348 1.236472 0.66348 1.246472 0 P 0
L 0.66348 1.246472 0.69348 1.246472 0 P 0
L 0.68348 1.296472 0.68348 1.266472 0 P 0
L 0.68348 1.266472 0.66348 1.286472 0 P 0
L 0.66348 1.286472 0.69348 1.286472 0 P 0
L 0.043307 1.360236 0.043307 1.316929 1 P 0
L 0.114173 1.360236 0.114173 1.316929 1 P 0
L 0.130346 1.462646 0.135346 1.457646 0 P 0
L 0.135346 1.457646 0.135346 1.442646 0 P 0
L 0.135346 1.442646 0.125346 1.432646 0 P 0
L 0.125346 1.432646 0.115346 1.432646 0 P 0
L 0.115346 1.432646 0.105346 1.442646 0 P 0
L 0.105346 1.442646 0.105346 1.457646 0 P 0
L 0.105346 1.457646 0.110346 1.462646 0 P 0
L 0.120346 1.482646 0.115346 1.477646 0 P 0
L 0.115346 1.477646 0.110346 1.477646 0 P 0
L 0.110346 1.477646 0.105346 1.482646 0 P 0
L 0.105346 1.482646 0.105346 1.497646 0 P 0
L 0.105346 1.497646 0.110346 1.502646 0 P 0
L 0.110346 1.502646 0.115346 1.502646 0 P 0
L 0.115346 1.502646 0.120346 1.497646 0 P 0
L 0.120346 1.497646 0.120346 1.482646 0 P 0
L 0.120346 1.482646 0.125346 1.477646 0 P 0
L 0.125346 1.477646 0.130346 1.477646 0 P 0
L 0.130346 1.477646 0.135346 1.482646 0 P 0
L 0.135346 1.482646 0.135346 1.497646 0 P 0
L 0.135346 1.497646 0.130346 1.502646 0 P 0
L 0.130346 1.502646 0.125346 1.502646 0 P 0
L 0.125346 1.502646 0.120346 1.497646 0 P 0
L 0.728228 0.543929 0.701228 0.543929 0 P 0
L 0.728228 0.591929 0.700228 0.591929 0 P 0
L 0.658417 0.497929 0.658417 0.521929 0 P 0
L 0.658417 0.521929 0.677167 0.521929 0 P 0
L 0.677167 0.521929 0.680917 0.517929 0 P 0
L 0.680917 0.517929 0.680917 0.513929 0 P 0
L 0.680917 0.513929 0.677167 0.509929 0 P 0
L 0.677167 0.509929 0.658417 0.509929 0 P 0
L 0.677167 0.509929 0.680917 0.505929 0 P 0
L 0.680917 0.505929 0.680917 0.497929 0 P 0
L 0.692167 0.517929 0.695917 0.521929 0 P 0
L 0.695917 0.521929 0.707167 0.521929 0 P 0
L 0.707167 0.521929 0.710917 0.517929 0 P 0
L 0.710917 0.517929 0.710917 0.513929 0 P 0
L 0.710917 0.513929 0.707167 0.509929 0 P 0
L 0.707167 0.509929 0.710917 0.505929 0 P 0
L 0.710917 0.505929 0.710917 0.501929 0 P 0
L 0.710917 0.501929 0.707167 0.497929 0 P 0
L 0.707167 0.497929 0.695917 0.497929 0 P 0
L 0.695917 0.497929 0.692167 0.501929 0 P 0
L 0.699667 0.509929 0.707167 0.509929 0 P 0
L 0.718417 0.501929 0.718417 0.517929 0 P 0
L 0.718417 0.517929 0.722167 0.521929 0 P 0
L 0.722167 0.521929 0.737167 0.521929 0 P 0
L 0.737167 0.521929 0.740917 0.517929 0 P 0
L 0.740917 0.517929 0.740917 0.501929 0 P 0
L 0.740917 0.501929 0.737167 0.497929 0 P 0
L 0.737167 0.497929 0.722167 0.497929 0 P 0
L 0.722167 0.497929 0.718417 0.501929 0 P 0
L 0.718417 0.497929 0.740917 0.521929 0 P 0
L 0.593047 0.543929 0.566047 0.543929 0 P 0
L 0.593047 0.591929 0.565047 0.591929 0 P 0
L 0.547606 0.635724 0.547606 0.659724 0 P 0
L 0.547606 0.659724 0.572606 0.659724 0 P 0
L 0.572606 0.659724 0.577606 0.655724 0 P 0
L 0.577606 0.655724 0.577606 0.651724 0 P 0
L 0.577606 0.651724 0.572606 0.647724 0 P 0
L 0.572606 0.647724 0.547606 0.647724 0 P 0
L 0.572606 0.647724 0.577606 0.643724 0 P 0
L 0.577606 0.643724 0.577606 0.635724 0 P 0
L 0.592606 0.655724 0.597606 0.659724 0 P 0
L 0.597606 0.659724 0.612606 0.659724 0 P 0
L 0.612606 0.659724 0.617606 0.655724 0 P 0
L 0.617606 0.655724 0.617606 0.651724 0 P 0
L 0.617606 0.651724 0.612606 0.647724 0 P 0
L 0.612606 0.647724 0.617606 0.643724 0 P 0
L 0.617606 0.643724 0.617606 0.639724 0 P 0
L 0.617606 0.639724 0.612606 0.635724 0 P 0
L 0.612606 0.635724 0.597606 0.635724 0 P 0
L 0.597606 0.635724 0.592606 0.639724 0 P 0
L 0.602606 0.647724 0.612606 0.647724 0 P 0
L 0.637606 0.651724 0.647606 0.659724 0 P 0
L 0.647606 0.659724 0.647606 0.635724 0 P 0
L 0.65748 0.723425 0.65748 0.734252 1 P 0
L 0.65748 0.734252 0.866142 0.734252 1 P 0
L 0.866142 0.734252 0.866142 0.723425 1 P 0
L 0.65748 0.630906 0.65748 0.620079 1 P 0
L 0.65748 0.620079 0.866142 0.620079 1 P 0
L 0.866142 0.620079 0.866142 0.630906 1 P 0
L 0.90439 0.63311 0.90439 0.66311 0 P 0
L 0.90439 0.66311 0.92439 0.66311 0 P 0
L 0.92439 0.66311 0.93439 0.65311 0 P 0
L 0.93439 0.65311 0.93439 0.64311 0 P 0
L 0.93439 0.64311 0.92439 0.63311 0 P 0
L 0.92439 0.63311 0.90439 0.63311 0 P 0
L 0.95439 0.64811 0.94939 0.65311 0 P 0
L 0.94939 0.65311 0.94939 0.65811 0 P 0
L 0.94939 0.65811 0.95439 0.66311 0 P 0
L 0.95439 0.66311 0.96939 0.66311 0 P 0
L 0.96939 0.66311 0.97439 0.65811 0 P 0
L 0.97439 0.65811 0.97439 0.65311 0 P 0
L 0.97439 0.65311 0.96939 0.64811 0 P 0
L 0.96939 0.64811 0.95439 0.64811 0 P 0
L 0.95439 0.64811 0.94939 0.64311 0 P 0
L 0.94939 0.64311 0.94939 0.63811 0 P 0
L 0.94939 0.63811 0.95439 0.63311 0 P 0
L 0.95439 0.63311 0.96939 0.63311 0 P 0
L 0.96939 0.63311 0.97439 0.63811 0 P 0
L 0.97439 0.63811 0.97439 0.64311 0 P 0
L 0.97439 0.64311 0.96939 0.64811 0 P 0
L 0.228346 0.549213 0.228346 0.59252 1 P 0
L 0.165354 0.549213 0.165354 0.59252 1 P 0
L 0.165354 0.549213 0.228346 0.549213 1 P 0
L 0.228346 0.555118 0.165354 0.555118 1 P 0
L 0.228346 0.561024 0.165354 0.561024 1 P 0
L 0.228346 0.566929 0.165354 0.566929 1 P 0
L 0.284213 0.537264 0.254213 0.537264 0 P 0
L 0.254213 0.537264 0.254213 0.557264 0 P 0
L 0.254213 0.557264 0.264213 0.567264 0 P 0
L 0.264213 0.567264 0.274213 0.567264 0 P 0
L 0.274213 0.567264 0.284213 0.557264 0 P 0
L 0.284213 0.557264 0.284213 0.537264 0 P 0
L 0.254213 0.582264 0.254213 0.607264 0 P 0
L 0.254213 0.607264 0.259213 0.607264 0 P 0
L 0.259213 0.607264 0.284213 0.582264 0 P 0
L 0.189598 0.358386 0.189598 0.385386 0 P 0
L 0.237598 0.358386 0.237598 0.386386 0 P 0
L 0.170598 0.323197 0.140598 0.323197 0 P 0
L 0.140598 0.323197 0.140598 0.348197 0 P 0
L 0.140598 0.348197 0.145598 0.353197 0 P 0
L 0.145598 0.353197 0.150598 0.353197 0 P 0
L 0.150598 0.353197 0.155598 0.348197 0 P 0
L 0.155598 0.348197 0.155598 0.323197 0 P 0
L 0.155598 0.348197 0.160598 0.353197 0 P 0
L 0.160598 0.353197 0.170598 0.353197 0 P 0
L 0.145598 0.368197 0.140598 0.373197 0 P 0
L 0.140598 0.373197 0.140598 0.388197 0 P 0
L 0.140598 0.388197 0.145598 0.393197 0 P 0
L 0.145598 0.393197 0.150598 0.393197 0 P 0
L 0.150598 0.393197 0.155598 0.388197 0 P 0
L 0.155598 0.388197 0.155598 0.373197 0 P 0
L 0.155598 0.373197 0.160598 0.368197 0 P 0
L 0.160598 0.368197 0.170598 0.368197 0 P 0
L 0.170598 0.368197 0.170598 0.393197 0 P 0
L 0.145598 0.433197 0.140598 0.428197 0 P 0
L 0.140598 0.428197 0.140598 0.413197 0 P 0
L 0.140598 0.413197 0.145598 0.408197 0 P 0
L 0.145598 0.408197 0.165598 0.408197 0 P 0
L 0.165598 0.408197 0.170598 0.413197 0 P 0
L 0.170598 0.413197 0.170598 0.428197 0 P 0
L 0.170598 0.428197 0.165598 0.433197 0 P 0
L 0.165598 0.433197 0.160598 0.433197 0 P 0
L 0.160598 0.433197 0.155598 0.428197 0 P 0
L 0.155598 0.428197 0.155598 0.408197 0 P 0
L 0.358268 0.549213 0.358268 0.59252 1 P 0
L 0.295276 0.549213 0.295276 0.59252 1 P 0
L 0.295276 0.549213 0.358268 0.549213 1 P 0
L 0.358268 0.555118 0.295276 0.555118 1 P 0
L 0.358268 0.561024 0.295276 0.561024 1 P 0
L 0.358268 0.566929 0.295276 0.566929 1 P 0
L 0.40626 0.521201 0.37626 0.521201 0 P 0
L 0.37626 0.521201 0.37626 0.541201 0 P 0
L 0.37626 0.541201 0.38626 0.551201 0 P 0
L 0.38626 0.551201 0.39626 0.551201 0 P 0
L 0.39626 0.551201 0.40626 0.541201 0 P 0
L 0.40626 0.541201 0.40626 0.521201 0 P 0
L 0.38626 0.571201 0.37626 0.581201 0 P 0
L 0.37626 0.581201 0.40626 0.581201 0 P 0
L 0.38626 0.611201 0.37626 0.621201 0 P 0
L 0.37626 0.621201 0.40626 0.621201 0 P 0
L 0.327394 0.358386 0.327394 0.385386 0 P 0
L 0.375394 0.358386 0.375394 0.386386 0 P 0
L 0.302669 0.311386 0.272669 0.311386 0 P 0
L 0.272669 0.311386 0.272669 0.336386 0 P 0
L 0.272669 0.336386 0.277669 0.341386 0 P 0
L 0.277669 0.341386 0.282669 0.341386 0 P 0
L 0.282669 0.341386 0.287669 0.336386 0 P 0
L 0.287669 0.336386 0.287669 0.311386 0 P 0
L 0.287669 0.336386 0.292669 0.341386 0 P 0
L 0.292669 0.341386 0.302669 0.341386 0 P 0
L 0.277669 0.356386 0.272669 0.361386 0 P 0
L 0.272669 0.361386 0.272669 0.376386 0 P 0
L 0.272669 0.376386 0.277669 0.381386 0 P 0
L 0.277669 0.381386 0.282669 0.381386 0 P 0
L 0.282669 0.381386 0.287669 0.376386 0 P 0
L 0.287669 0.376386 0.287669 0.361386 0 P 0
L 0.287669 0.361386 0.292669 0.356386 0 P 0
L 0.292669 0.356386 0.302669 0.356386 0 P 0
L 0.302669 0.356386 0.302669 0.381386 0 P 0
L 0.282669 0.421386 0.287669 0.416386 0 P 0
L 0.287669 0.416386 0.287669 0.401386 0 P 0
L 0.287669 0.401386 0.282669 0.396386 0 P 0
L 0.282669 0.396386 0.277669 0.396386 0 P 0
L 0.277669 0.396386 0.272669 0.401386 0 P 0
L 0.272669 0.401386 0.272669 0.416386 0 P 0
L 0.272669 0.416386 0.277669 0.421386 0 P 0
L 0.277669 0.421386 0.297669 0.421386 0 P 0
L 0.297669 0.421386 0.302669 0.416386 0 P 0
L 0.302669 0.416386 0.302669 0.401386 0 P 0
L 0.907981 0.151063 0.912981 0.151063 0 P 0
L 0.912981 0.151063 0.917981 0.154813 0 P 0
L 0.917981 0.154813 0.917981 0.169813 0 P 0
L 0.917981 0.169813 0.912981 0.173563 0 P 0
L 0.912981 0.173563 0.887981 0.173563 0 P 0
L 0.897981 0.188563 0.887981 0.196063 0 P 0
L 0.887981 0.196063 0.917981 0.196063 0 P 0
L 0.912981 0.211063 0.892981 0.211063 0 P 0
L 0.892981 0.211063 0.887981 0.214813 0 P 0
L 0.887981 0.214813 0.887981 0.229813 0 P 0
L 0.887981 0.229813 0.892981 0.233563 0 P 0
L 0.892981 0.233563 0.912981 0.233563 0 P 0
L 0.912981 0.233563 0.917981 0.229813 0 P 0
L 0.917981 0.229813 0.917981 0.214813 0 P 0
L 0.917981 0.214813 0.912981 0.211063 0 P 0
L 0.917981 0.211063 0.887981 0.233563 0 P 0
L 0.893441 0.530929 0.898441 0.530929 0 P 0
L 0.898441 0.530929 0.903441 0.535929 0 P 0
L 0.903441 0.535929 0.903441 0.555929 0 P 0
L 0.903441 0.555929 0.898441 0.560929 0 P 0
L 0.898441 0.560929 0.873441 0.560929 0 P 0
L 0.878441 0.575929 0.873441 0.580929 0 P 0
L 0.873441 0.580929 0.873441 0.595929 0 P 0
L 0.873441 0.595929 0.878441 0.600929 0 P 0
L 0.878441 0.600929 0.883441 0.600929 0 P 0
L 0.883441 0.600929 0.888441 0.595929 0 P 0
L 0.888441 0.595929 0.888441 0.580929 0 P 0
L 0.888441 0.580929 0.893441 0.575929 0 P 0
L 0.893441 0.575929 0.903441 0.575929 0 P 0
L 0.903441 0.575929 0.903441 0.600929 0 P 0
L 0.123228 0.256346 0.123228 0.250346 0 P 0
L 0.123228 0.250346 0.129478 0.244346 0 P 0
L 0.129478 0.244346 0.154478 0.244346 0 P 0
L 0.154478 0.244346 0.160728 0.250346 0 P 0
L 0.160728 0.250346 0.160728 0.280346 0 P 0
L 0.185728 0.268346 0.198228 0.280346 0 P 0
L 0.198228 0.280346 0.198228 0.244346 0 P 0
L 0.505031 2.090563 0.505031 2.085563 0 P 0
L 0.505031 2.085563 0.510031 2.080563 0 P 0
L 0.510031 2.080563 0.530031 2.080563 0 P 0
L 0.530031 2.080563 0.535031 2.085563 0 P 0
L 0.535031 2.085563 0.535031 2.110563 0 P 0
L 0.555031 2.100563 0.565031 2.110563 0 P 0
L 0.565031 2.110563 0.565031 2.080563 0 P 0
L 0.595031 2.100563 0.605031 2.110563 0 P 0
L 0.605031 2.110563 0.605031 2.080563 0 P 0
L 0.761795 2.092925 0.761795 2.087925 0 P 0
L 0.761795 2.087925 0.766795 2.082925 0 P 0
L 0.766795 2.082925 0.786795 2.082925 0 P 0
L 0.786795 2.082925 0.791795 2.087925 0 P 0
L 0.791795 2.087925 0.791795 2.112925 0 P 0
L 0.811795 2.102925 0.821795 2.112925 0 P 0
L 0.821795 2.112925 0.821795 2.082925 0 P 0
L 0.871795 2.092925 0.841795 2.092925 0 P 0
L 0.841795 2.092925 0.861795 2.112925 0 P 0
L 0.861795 2.112925 0.861795 2.082925 0 P 0
L 0.054866 1.606606 0.054866 1.624606 0 P 0
L 0.086866 1.606606 0.086866 1.624606 0 P 0
L 0.139787 1.605606 0.144787 1.600606 0 P 0
L 0.144787 1.600606 0.144787 1.585606 0 P 0
L 0.144787 1.585606 0.134787 1.575606 0 P 0
L 0.134787 1.575606 0.124787 1.575606 0 P 0
L 0.124787 1.575606 0.114787 1.585606 0 P 0
L 0.114787 1.585606 0.114787 1.600606 0 P 0
L 0.114787 1.600606 0.119787 1.605606 0 P 0
L 0.124787 1.645606 0.129787 1.640606 0 P 0
L 0.129787 1.640606 0.129787 1.625606 0 P 0
L 0.129787 1.625606 0.124787 1.620606 0 P 0
L 0.124787 1.620606 0.119787 1.620606 0 P 0
L 0.119787 1.620606 0.114787 1.625606 0 P 0
L 0.114787 1.625606 0.114787 1.640606 0 P 0
L 0.114787 1.640606 0.119787 1.645606 0 P 0
L 0.119787 1.645606 0.139787 1.645606 0 P 0
L 0.139787 1.645606 0.144787 1.640606 0 P 0
L 0.144787 1.640606 0.144787 1.625606 0 P 0
L 0.69685 1.158465 0.830709 1.158465 1 P 0
L 0.69685 1.077756 0.830709 1.077756 1 P 0
L 0.80335 0.988339 0.79835 0.983339 0 P 0
L 0.79835 0.983339 0.78335 0.983339 0 P 0
L 0.78335 0.983339 0.77335 0.993339 0 P 0
L 0.77335 0.993339 0.77335 1.003339 0 P 0
L 0.77335 1.003339 0.78335 1.013339 0 P 0
L 0.78335 1.013339 0.79835 1.013339 0 P 0
L 0.79835 1.013339 0.80335 1.008339 0 P 0
L 0.82335 1.003339 0.83335 1.013339 0 P 0
L 0.83335 1.013339 0.83335 0.983339 0 P 0
L 0.85335 0.988339 0.85335 1.008339 0 P 0
L 0.85335 1.008339 0.85835 1.013339 0 P 0
L 0.85835 1.013339 0.87835 1.013339 0 P 0
L 0.87835 1.013339 0.88335 1.008339 0 P 0
L 0.88335 1.008339 0.88335 0.988339 0 P 0
L 0.88335 0.988339 0.87835 0.983339 0 P 0
L 0.87835 0.983339 0.85835 0.983339 0 P 0
L 0.85835 0.983339 0.85335 0.988339 0 P 0
L 0.85335 0.983339 0.88335 1.013339 0 P 0
L 0.042 0.973465 0.048 0.978465 0 P 0
L 0.048 0.978465 0.048 0.998465 0 P 0
L 0.048 0.998465 0.042 1.003465 0 P 0
L 0.042 1.003465 0.036 1.003465 0 P 0
L 0.036 1.003465 0.03 0.998465 0 P 0
L 0.03 0.998465 0.03 0.978465 0 P 0
L 0.03 0.978465 0.024 0.973465 0 P 0
L 0.024 0.973465 0.018 0.973465 0 P 0
L 0.018 0.973465 0.012 0.978465 0 P 0
L 0.012 0.978465 0.012 0.998465 0 P 0
L 0.012 0.998465 0.018 1.003465 0 P 0
L 0.012 1.013465 0.048 1.013465 0 P 0
L 0.048 1.013465 0.03 1.028465 0 P 0
L 0.03 1.028465 0.048 1.043465 0 P 0
L 0.048 1.043465 0.012 1.043465 0 P 0
L 0.024 1.063465 0.012 1.073465 0 P 0
L 0.012 1.073465 0.048 1.073465 0 P 0
L 0.94626 1.681354 0.96426 1.681354 0 P 0
L 0.94626 1.649354 0.96426 1.649354 0 P 0
L 0.929197 1.595118 0.924197 1.590118 0 P 0
L 0.924197 1.590118 0.909197 1.590118 0 P 0
L 0.909197 1.590118 0.899197 1.600118 0 P 0
L 0.899197 1.600118 0.899197 1.610118 0 P 0
L 0.899197 1.610118 0.909197 1.620118 0 P 0
L 0.909197 1.620118 0.924197 1.620118 0 P 0
L 0.924197 1.620118 0.929197 1.615118 0 P 0
L 0.949197 1.610118 0.959197 1.620118 0 P 0
L 0.959197 1.620118 0.959197 1.590118 0 P 0
L 0.989197 1.610118 0.999197 1.620118 0 P 0
L 0.999197 1.620118 0.999197 1.590118 0 P 0
L 0.365591 0.141732 0.371591 0.141732 0 P 0
L 0.371591 0.141732 0.377591 0.147982 0 P 0
L 0.377591 0.147982 0.377591 0.172982 0 P 0
L 0.377591 0.172982 0.371591 0.179232 0 P 0
L 0.371591 0.179232 0.341591 0.179232 0 P 0
L 0.359591 0.204232 0.353591 0.197982 0 P 0
L 0.353591 0.197982 0.347591 0.197982 0 P 0
L 0.347591 0.197982 0.341591 0.204232 0 P 0
L 0.341591 0.204232 0.341591 0.222982 0 P 0
L 0.341591 0.222982 0.347591 0.229232 0 P 0
L 0.347591 0.229232 0.353591 0.229232 0 P 0
L 0.353591 0.229232 0.359591 0.222982 0 P 0
L 0.359591 0.222982 0.359591 0.204232 0 P 0
L 0.359591 0.204232 0.365591 0.197982 0 P 0
L 0.365591 0.197982 0.371591 0.197982 0 P 0
L 0.371591 0.197982 0.377591 0.204232 0 P 0
L 0.377591 0.204232 0.377591 0.222982 0 P 0
L 0.377591 0.222982 0.371591 0.229232 0 P 0
L 0.371591 0.229232 0.365591 0.229232 0 P 0
L 0.365591 0.229232 0.359591 0.222982 0 P 0
L 0 2.163417 -0 -0.002 0 P 0
L 1.374142 2.163417 0 2.163417 0 P 0
L 1.374142 -0.002 1.374142 2.163417 0 P 0
L -0 -0.002 1.374142 -0.002 0 P 0
L 0.361811 1.116929 0.361811 0.815929 0 P 0
L 0.561811 1.116929 0.361811 1.116929 0 P 0
L 0.561811 0.815929 0.561811 1.116929 0 P 0
L 0.361811 0.815929 0.561811 0.815929 0 P 0
L 1.217717 1.468898 1.217717 1.268898 0 P 0
L 1.317717 1.468898 1.217717 1.468898 0 P 0
L 1.317717 1.268898 1.317717 1.468898 0 P 0
L 1.217717 1.268898 1.317717 1.268898 0 P 0
L 1.217717 1.169685 1.217717 0.969685 0 P 0
L 1.317717 1.169685 1.217717 1.169685 0 P 0
L 1.317717 0.969685 1.317717 1.169685 0 P 0
L 1.217717 0.969685 1.317717 0.969685 0 P 0
L 1.217717 0.868898 1.217717 0.668898 0 P 0
L 1.317717 0.868898 1.217717 0.868898 0 P 0
L 1.317717 0.668898 1.317717 0.868898 0 P 0
L 1.217717 0.668898 1.317717 0.668898 0 P 0
L 1.217717 0.561811 1.217717 0.361811 0 P 0
L 1.317717 0.561811 1.217717 0.561811 0 P 0
L 1.317717 0.361811 1.317717 0.561811 0 P 0
L 1.217717 0.361811 1.317717 0.361811 0 P 0
L 0.95 0.28622 0.95 0.08622 0 P 0
L 1.05 0.28622 0.95 0.28622 0 P 0
L 1.05 0.08622 1.05 0.28622 0 P 0
L 0.95 0.08622 1.05 0.08622 0 P 0
L 0.95 0.609055 0.95 0.409055 0 P 0
L 1.05 0.609055 0.95 0.609055 0 P 0
L 1.05 0.409055 1.05 0.609055 0 P 0
L 0.95 0.409055 1.05 0.409055 0 P 0
L 0.393701 0.474409 0.393701 0.068898 0 P 0
L 0.846457 0.474409 0.393701 0.474409 0 P 0
L 0.846457 0.068898 0.846457 0.474409 0 P 0
L 0.393701 0.068898 0.846457 0.068898 0 P 0
L 0.46911 2.045276 0.46911 1.744276 0 P 0
L 0.66911 2.045276 0.46911 2.045276 0 P 0
L 0.66911 1.744276 0.66911 2.045276 0 P 0
L 0.46911 1.744276 0.66911 1.744276 0 P 0
L 0.729528 2.043701 0.729528 1.742701 0 P 0
L 0.929528 2.043701 0.729528 2.043701 0 P 0
L 0.929528 1.742701 0.929528 2.043701 0 P 0
L 0.729528 1.742701 0.929528 1.742701 0 P 0
L 0.225591 0.291732 0.225591 0.091732 0 P 0
L 0.325591 0.291732 0.225591 0.291732 0 P 0
L 0.325591 0.091732 0.325591 0.291732 0 P 0
L 0.225591 0.091732 0.325591 0.091732 0 P 0
A 1.368126 1.889764 1.368126 1.889764 1.373047 1.889764 2 P 0 Y
A 1.368126 1.692913 1.368126 1.692913 1.373047 1.692913 2 P 0 Y
A 1.368126 1.791339 1.368126 1.791339 1.373047 1.791339 2 P 0 Y
A 1.368126 1.594488 1.368126 1.594488 1.373047 1.594488 2 P 0 Y
A 0.128937 0.431102 0.128937 0.431102 0.133858 0.431102 2 P 0 Y
A 0.443898 0.470472 0.443898 0.470472 0.448819 0.470472 2 P 0 Y
A 0.073819 0.470472 0.073819 0.470472 0.07874 0.470472 2 P 0 Y
A 0.520701 1.463093 0.520701 1.463093 0.524701 1.463093 0 P 0 Y
A 0.520701 1.226872 0.520701 1.226872 0.524701 1.226872 0 P 0 Y
A 0.626969 0.730315 0.626969 0.730315 0.63189 0.730315 2 P 0 Y
A 0.191929 0.470472 0.191929 0.470472 0.19685 0.470472 2 P 0 Y
A 0.32185 0.470472 0.32185 0.470472 0.326772 0.470472 2 P 0 Y
A 0.666339 1.165354 0.666339 1.165354 0.67126 1.165354 2 P 0 Y
