# XDBGEN converter version 211
#bottomsilk
$0 r8
@0 .geometry
@1 .drill
@2 .pad_usage
&0  
L -2.362868 0.975583 -2.406618 0.975583 0 P 0
L -2.476618 0.991583 -2.467868 0.999583 0 P 0
L -2.467868 0.999583 -2.441618 0.999583 0 P 0
L -2.441618 0.999583 -2.432868 0.991583 0 P 0
L -2.432868 0.991583 -2.432868 0.959583 0 P 0
L -2.432868 0.959583 -2.441618 0.951583 0 P 0
L -2.441618 0.951583 -2.467868 0.951583 0 P 0
L -2.467868 0.951583 -2.476618 0.959583 0 P 0
L -2.476618 0.959583 -2.476618 0.967583 0 P 0
L -2.476618 0.967583 -2.467868 0.975583 0 P 0
L -2.467868 0.975583 -2.432868 0.975583 0 P 0
L -2.494118 0.983583 -2.520368 0.951583 0 P 0
L -2.520368 0.951583 -2.546618 0.983583 0 P 0
L -2.312181 -1.12789 -2.364681 -1.12789 0 P 0
L -2.338431 -1.10389 -2.338431 -1.15189 0 P 0
L -2.434681 -1.10389 -2.425931 -1.09189 0 P 0
L -2.425931 -1.09189 -2.399681 -1.09189 0 P 0
L -2.399681 -1.09189 -2.390931 -1.10389 0 P 0
L -2.390931 -1.10389 -2.390931 -1.15189 0 P 0
L -2.390931 -1.15189 -2.399681 -1.16389 0 P 0
L -2.399681 -1.16389 -2.425931 -1.16389 0 P 0
L -2.425931 -1.16389 -2.434681 -1.15189 0 P 0
L -2.434681 -1.15189 -2.434681 -1.13989 0 P 0
L -2.434681 -1.13989 -2.425931 -1.12789 0 P 0
L -2.425931 -1.12789 -2.390931 -1.12789 0 P 0
L -2.452181 -1.11589 -2.478431 -1.16389 0 P 0
L -2.478431 -1.16389 -2.504681 -1.11589 0 P 0
L -2.289764 -0.820472 -2.289764 -0.520472 0 P 0
L -2.571906 -0.658031 -2.566906 -0.658031 0 P 0
L -2.566906 -0.658031 -2.561906 -0.663031 0 P 0
L -2.561906 -0.663031 -2.561906 -0.683031 0 P 0
L -2.561906 -0.683031 -2.566906 -0.688031 0 P 0
L -2.566906 -0.688031 -2.591906 -0.688031 0 P 0
L -2.586906 -0.703031 -2.591906 -0.708031 0 P 0
L -2.591906 -0.708031 -2.591906 -0.723031 0 P 0
L -2.591906 -0.723031 -2.586906 -0.728031 0 P 0
L -2.586906 -0.728031 -2.581906 -0.728031 0 P 0
L -2.581906 -0.728031 -2.576906 -0.723031 0 P 0
L -2.576906 -0.723031 -2.571906 -0.728031 0 P 0
L -2.571906 -0.728031 -2.566906 -0.728031 0 P 0
L -2.566906 -0.728031 -2.561906 -0.723031 0 P 0
L -2.561906 -0.723031 -2.561906 -0.708031 0 P 0
L -2.561906 -0.708031 -2.566906 -0.703031 0 P 0
L -2.576906 -0.713031 -2.576906 -0.723031 0 P 0
L -2.28189 0.348819 -2.28189 0.648819 0 P 0
L -2.540409 0.66874 -2.535409 0.66874 0 P 0
L -2.535409 0.66874 -2.530409 0.66374 0 P 0
L -2.530409 0.66374 -2.530409 0.64374 0 P 0
L -2.530409 0.64374 -2.535409 0.63874 0 P 0
L -2.535409 0.63874 -2.560409 0.63874 0 P 0
L -2.540409 0.59874 -2.540409 0.62874 0 P 0
L -2.540409 0.62874 -2.560409 0.60874 0 P 0
L -2.560409 0.60874 -2.530409 0.60874 0 P 0
L -2.489764 -0.520472 -2.489764 -0.820472 0 P 0
L -2.239764 -0.520472 -2.489764 -0.520472 0 P 0
L -2.239764 -0.820472 -2.239764 -0.520472 0 P 0
L -2.489764 -0.820472 -2.239764 -0.820472 0 P 0
L -2.48189 0.648819 -2.48189 0.348819 0 P 0
L -2.23189 0.648819 -2.48189 0.648819 0 P 0
L -2.23189 0.348819 -2.23189 0.648819 0 P 0
L -2.48189 0.348819 -2.23189 0.348819 0 P 0
