# XDBGEN converter version 211
CMP 1 -1.61837 0.252725 0 N R81 PartName
TOP 0 -1.61837 0.252725 0 N 62 7 1
TOP 1 -1.69711 0.252725 0 N 77 31 2
CMP 1 -0.059315 0.792095 -90 N R19 PartName
TOP 0 -0.059315 0.792095 -90 N 114 14 1
TOP 1 -0.059315 0.870835 -90 N 3 1 2
CMP 2 0.421 -0.369322 0 N R40 PartName
TOP 0 0.421 -0.369322 0 N 156 176 1
TOP 1 0.34226 -0.369322 0 N 24 2 2
CMP 2 -0.488449 0.366898 -180 N R21 PartName
TOP 0 -0.488449 0.366898 -180 N 12 13 1
TOP 1 -0.409709 0.366898 -180 N 11 9 2
CMP 2 -0.437268 0.020442 270 N R18 PartName
TOP 0 -0.437268 0.020442 270 N 12 14 1
TOP 1 -0.437268 0.099182 270 N 10 12 2
CMP 1 -0.106559 1.048001 0 N R20 PartName
TOP 0 -0.106559 1.048001 0 N 4 3 1
TOP 1 -0.185299 1.048001 0 N 2 3 2
CMP 1 -0.917583 0.264536 0 N R97 PartName
TOP 0 -0.917583 0.264536 0 N 91 11 1
TOP 1 -0.996323 0.264536 0 N 60 3 2
CMP 1 -0.53963 -0.621291 0 N R37 PartName
TOP 0 -0.53963 -0.621291 0 N 127 44 1
TOP 1 -0.61837 -0.621291 0 N 156 177 2
CMP 1 1.255646 -0.566172 180 N R2 PartName
TOP 0 1.255646 -0.566172 180 N 154 22 1
TOP 1 1.334386 -0.566172 180 N 5 3 2
CMP 2 0.389504 0.548001 -90 N R31 PartName
TOP 0 0.389504 0.548001 -90 N 19 6 1
TOP 1 0.389504 0.626741 -90 N 20 2 2
CMP 1 -0.996323 -0.235464 180 N R111 PartName
TOP 0 -0.996323 -0.235464 180 N 66 4 1
TOP 1 -0.917583 -0.235464 180 N 124 13 2
CMP 4 -0.212858 0.839339 0 N LS1 PartName
TOP 0 -0.212858 0.839339 0 N 2 4 1
TOP 1 -0.492386 0.843276 0 N 73 310 2
CMP 5 0.015685 0.978702 -90 N Q2 PartName
TOP 0 0.015685 0.978702 90 N 156 178 1
TOP 1 -0.059315 0.941702 90 N 3 2 2
TOP 2 -0.059315 1.015702 90 N 4 4 3
CMP 2 -0.397898 0.27241 -270 N R25 PartName
TOP 0 -0.397898 0.27241 -270 N 137 28 1
TOP 1 -0.397898 0.19367 -270 N 156 179 2
CMP 7 1.295016 -0.854897 -90 N C13 PartName
TOP 0 1.295016 -0.854897 -90 N 156 181 1
TOP 1 1.295016 -0.770897 -90 N 73 312 2
CMP 7 -0.064575 0.540127 180 N C34 PartName
TOP 0 -0.064575 0.540127 180 N 156 182 1
TOP 1 0.019425 0.540127 180 N 73 313 2
CMP 7 -1.704984 0.6543 0 N C2 PartName
TOP 0 -1.704984 0.6543 0 N 156 183 1
TOP 1 -1.788984 0.6543 0 N 73 317 2
CMP 7 1.80289 -0.637039 -90 N C3 PartName
TOP 0 1.80289 -0.637039 -90 N 156 184 1
TOP 1 1.80289 -0.553039 -90 N 73 318 2
CMP 9 0.100898 1.01782 90 N U30 PartName
TOP 0 0.100898 1.01782 0 N 131 35 1
TOP 1 0.126488 1.01782 0 N 65 5 2
TOP 2 0.152079 1.01782 0 N 159 3 3
TOP 3 0.177669 1.01782 0 N 156 185 4
TOP 4 0.20326 1.01782 0 N 152 28 5
TOP 5 0.22885 1.01782 0 N 159 4 6
TOP 6 0.254441 1.01782 0 N 73 319 7
TOP 7 0.280031 1.01782 0 N 21 3 8
TOP 8 0.305622 1.01782 0 N 159 5 9
TOP 9 0.331213 1.01782 0 N 159 6 10
TOP 10 0.356803 1.01782 0 N 159 7 11
TOP 11 0.382394 1.01782 0 N 159 8 12
TOP 12 0.407984 1.01782 0 N 159 9 13
TOP 13 0.433575 1.01782 0 N 159 10 14
TOP 14 0.433575 0.74223 0 N 20 3 15
TOP 15 0.407984 0.74223 0 N 18 4 16
TOP 16 0.382394 0.74223 0 N 159 11 17
TOP 17 0.356803 0.74223 0 N 73 320 18
TOP 18 0.331213 0.74223 0 N 159 12 19
TOP 19 0.305622 0.74223 0 N 156 186 20
TOP 20 0.280031 0.74223 0 N 73 321 21
TOP 21 0.254441 0.74223 0 N 15 5 22
TOP 22 0.22885 0.74223 0 N 13 6 23
TOP 23 0.20326 0.74223 0 N 21 4 24
TOP 24 0.177669 0.74223 0 N 73 322 25
TOP 25 0.152079 0.74223 0 N 73 323 26
TOP 26 0.126488 0.74223 0 N 159 13 27
TOP 27 0.100898 0.74223 0 N 159 14 28
CMP 10 -0.516008 -0.30633 90 N ICSP PartName
TOP 0 -0.516008 -0.30633 90 N 75 20 1
TOP 1 -0.616008 -0.30633 90 N 156 187 2
TOP 2 -0.516008 -0.40633 90 N 135 24 3
TOP 3 -0.616008 -0.40633 90 N 76 17 4
TOP 4 -0.516008 -0.50633 90 N 127 45 5
TOP 5 -0.616008 -0.50633 90 N 73 324 6
CMP 11 1.287142 0.370835 0 N F1 PartName
TOP 0 1.287142 0.370835 0 N 156 188 1
TOP 1 1.082417 0.370835 0 N 22 5 2
CMP 2 0.310764 0.548001 -90 N R30 PartName
TOP 0 0.310764 0.548001 -90 N 17 7 1
TOP 1 0.310764 0.626741 -90 N 18 5 2
CMP 13 -0.579 -0.011054 -90 N X1 PartName
TOP 0 -0.579 -0.011054 -90 N 12 15 1
TOP 1 -0.579 0.188946 -90 N 10 13 2
CMP 14 0.625724 1.016505 90 N D7 PartName
TOP 0 0.625724 1.016505 180 N 156 190 1
TOP 1 0.625724 0.868505 180 N 14 1 2
CMP 14 0.519425 1.016505 90 N D11 PartName
TOP 0 0.519425 1.016505 180 N 156 191 1
TOP 1 0.519425 0.868505 180 N 16 1 2
CMP 2 0.625724 0.725166 -90 N R26 PartName
TOP 0 0.625724 0.725166 -90 N 13 7 1
TOP 1 0.625724 0.803906 -90 N 14 2 2
CMP 2 0.519425 0.725166 -90 N R29 PartName
TOP 0 0.519425 0.725166 -90 N 15 6 1
TOP 1 0.519425 0.803906 -90 N 16 2 2
CMP 7 -0.73648 0.040127 -270 N C7 PartName
TOP 0 -0.73648 0.040127 -270 N 73 325 1
TOP 1 -0.73648 -0.043873 -270 N 12 16 2
CMP 7 -0.73648 0.105733 -90 N C8 PartName
TOP 0 -0.73648 0.105733 -90 N 73 326 1
TOP 1 -0.73648 0.189733 -90 N 10 14 2
CMP 15 1.590291 -0.837826 -180 N C15 PartName
TOP 0 1.590291 -0.837826 -180 N 156 192 1
TOP 1 1.834386 -0.837826 -180 N 73 327 2
CMP 16 0.012378 0.153434 -90 N U14 PartName
TOP 0 0.248598 -0.149716 -180 N 121 8 1
TOP 1 0.228913 -0.149716 -180 N 131 36 2
TOP 2 0.209228 -0.149716 -180 N 152 29 3
TOP 3 0.189543 -0.149716 -180 N 97 0 4
TOP 4 0.169858 -0.149716 -180 N 122 10 5
TOP 5 0.150173 -0.149716 -180 N 119 10 6
TOP 6 0.130488 -0.149716 -180 N 120 11 7
TOP 7 0.110803 -0.149716 -180 N 98 0 8
TOP 8 0.091118 -0.149716 -180 N 99 0 9
TOP 9 0.071433 -0.149716 -180 N 156 193 10
TOP 10 0.051748 -0.149716 -180 N 73 328 11
TOP 11 0.032063 -0.149716 -180 N 133 17 12
TOP 12 0.012378 -0.149716 -180 N 154 23 13
TOP 13 -0.007307 -0.149716 -180 N 105 0 14
TOP 14 -0.026992 -0.149716 -180 N 123 9 15
TOP 15 -0.046677 -0.149716 -180 N 124 14 16
TOP 16 -0.066362 -0.149716 -180 N 125 0 17
TOP 17 -0.086047 -0.149716 -180 N 126 0 18
TOP 18 -0.105732 -0.149716 -180 N 143 12 19
TOP 19 -0.125417 -0.149716 -180 N 135 25 20
TOP 20 -0.145102 -0.149716 -180 N 76 18 21
TOP 21 -0.164787 -0.149716 -180 N 75 21 22
TOP 22 -0.184472 -0.149716 -180 N 115 0 23
TOP 23 -0.204157 -0.149716 -180 N 116 0 24
TOP 24 -0.223843 -0.149716 -180 N 117 0 25
TOP 25 -0.290772 -0.082787 -90 N 118 17 26
TOP 26 -0.290772 -0.063102 -90 N 106 0 27
TOP 27 -0.290772 -0.043417 -90 N 103 0 28
TOP 28 -0.290772 -0.023731 -90 N 104 0 29
TOP 29 -0.290772 -0.004046 -90 N 127 46 30
TOP 30 -0.290772 0.015639 -90 N 156 194 31
TOP 31 -0.290772 0.035324 -90 N 73 329 32
TOP 32 -0.290772 0.055009 -90 N 10 15 33
TOP 33 -0.290772 0.074694 -90 N 11 10 34
TOP 34 -0.290772 0.094379 -90 N 107 0 35
TOP 35 -0.290772 0.114064 -90 N 108 0 36
TOP 36 -0.290772 0.133749 -90 N 109 0 37
TOP 37 -0.290772 0.153434 -90 N 110 0 38
TOP 38 -0.290772 0.173119 -90 N 111 0 39
TOP 39 -0.290772 0.192804 -90 N 112 0 40
TOP 40 -0.290772 0.212489 -90 N 113 0 41
TOP 41 -0.290772 0.232174 -90 N 114 15 42
TOP 42 -0.290772 0.251859 -90 N 136 29 43
TOP 43 -0.290772 0.271544 -90 N 137 29 44
TOP 44 -0.290772 0.291229 -90 N 132 0 45
TOP 45 -0.290772 0.310914 -90 N 153 0 46
TOP 46 -0.290772 0.330599 -90 N 93 0 47
TOP 47 -0.290772 0.350284 -90 N 94 0 48
TOP 48 -0.290772 0.369969 -90 N 95 0 49
TOP 49 -0.290772 0.389654 -90 N 96 18 50
TOP 50 -0.223843 0.456583 -180 N 100 3 51
TOP 51 -0.204157 0.456583 -180 N 101 3 52
TOP 52 -0.184472 0.456583 -180 N 85 16 53
TOP 53 -0.164787 0.456583 -180 N 86 15 54
TOP 54 -0.145102 0.456583 -180 N 87 15 55
TOP 55 -0.125417 0.456583 -180 N 88 13 56
TOP 56 -0.105732 0.456583 -180 N 89 16 57
TOP 57 -0.086047 0.456583 -180 N 90 9 58
TOP 58 -0.066362 0.456583 -180 N 91 12 59
TOP 59 -0.046677 0.456583 -180 N 92 10 60
TOP 60 -0.026992 0.456583 -180 N 156 195 61
TOP 61 -0.007307 0.456583 -180 N 73 330 62
TOP 62 0.012378 0.456583 -180 N 134 0 63
TOP 63 0.032063 0.456583 -180 N 155 0 64
TOP 64 0.051748 0.456583 -180 N 159 15 65
TOP 65 0.071433 0.456583 -180 N 159 16 66
TOP 66 0.091118 0.456583 -180 N 159 17 67
TOP 67 0.110803 0.456583 -180 N 159 18 68
TOP 68 0.130488 0.456583 -180 N 159 19 69
TOP 69 0.150173 0.456583 -180 N 102 17 70
TOP 70 0.169858 0.456583 -180 N 84 4 71
TOP 71 0.189543 0.456583 -180 N 83 4 72
TOP 72 0.209228 0.456583 -180 N 82 4 73
TOP 73 0.228913 0.456583 -180 N 81 3 74
TOP 74 0.248598 0.456583 -180 N 80 5 75
TOP 75 0.315528 0.389654 -90 N 79 8 76
TOP 76 0.315528 0.369969 -90 N 78 41 77
TOP 77 0.315528 0.350284 -90 N 77 32 78
TOP 78 0.315528 0.330599 -90 N 159 20 79
TOP 79 0.315528 0.310914 -90 N 156 196 80
TOP 80 0.315528 0.291229 -90 N 73 331 81
TOP 81 0.315528 0.271544 -90 N 36 0 82
TOP 82 0.315528 0.251859 -90 N 35 0 83
TOP 83 0.315528 0.232174 -90 N 34 0 84
TOP 84 0.315528 0.212489 -90 N 33 0 85
TOP 85 0.315528 0.192804 -90 N 32 17 86
TOP 86 0.315528 0.173119 -90 N 31 5 87
TOP 87 0.315528 0.153434 -90 N 44 6 88
TOP 88 0.315528 0.133749 -90 N 43 6 89
TOP 89 0.315528 0.114064 -90 N 42 6 90
TOP 90 0.315528 0.094379 -90 N 41 7 91
TOP 91 0.315528 0.074694 -90 N 40 8 92
TOP 92 0.315528 0.055009 -90 N 39 11 93
TOP 93 0.315528 0.035324 -90 N 38 6 94
TOP 94 0.315528 0.015639 -90 N 37 6 95
TOP 95 0.315528 -0.004046 -90 N 30 6 96
TOP 96 0.315528 -0.023731 -90 N 29 10 97
TOP 97 0.315528 -0.043417 -90 N 45 0 98
TOP 98 0.315528 -0.063102 -90 N 73 332 99
TOP 99 0.315528 -0.082787 -90 N 156 197 100
TOP 100 0.315528 0.456583 -90 N 159 21 101
TOP 101 -0.290772 -0.149716 -90 N 159 22 102
CMP 15 -0.523882 0.551938 0 N C17 PartName
TOP 0 -0.523882 0.551938 0 N 28 73 1
TOP 1 -0.767976 0.551938 0 N 73 333 2
CMP 7 0.464307 -0.196094 -90 N C18 PartName
TOP 0 0.464307 -0.196094 -90 N 156 198 1
TOP 1 0.464307 -0.112094 -90 N 73 334 2
CMP 17 1.028402 -0.977393 0 N U18 PartName
TOP 0 1.208402 -0.802393 -90 N 159 23 1
TOP 1 1.208402 -0.852393 -90 N 156 199 2
TOP 2 1.208402 -0.902393 -90 N 159 24 3
TOP 3 1.208402 -0.952393 -90 N 159 25 4
TOP 4 1.208402 -1.002393 -90 N 159 26 5
TOP 5 1.208402 -1.052393 -90 N 159 27 6
TOP 6 1.208402 -1.102393 -90 N 159 28 7
TOP 7 1.208402 -1.152393 -90 N 159 29 8
TOP 8 0.848402 -1.152393 90 N 159 30 9
TOP 9 0.848402 -1.102393 90 N 159 31 10
TOP 10 0.848402 -1.052393 90 N 159 32 11
TOP 11 0.848402 -1.002393 90 N 159 33 12
TOP 12 0.848402 -0.952393 90 N 73 335 13
TOP 13 0.848402 -0.902393 90 N 23 11 14
TOP 14 0.848402 -0.852393 90 N 137 30 15
TOP 15 0.848402 -0.802393 90 N 136 30 16
CMP 7 0.099488 -0.3457 0 N C22 PartName
TOP 0 0.099488 -0.3457 0 N 156 200 1
TOP 1 0.015488 -0.3457 0 N 73 336 2
CMP 18 0.436748 -0.487432 0 N D14 PartName
TOP 0 0.306827 -0.487432 0 N 24 3 1
TOP 1 0.436748 -0.487432 0 N 23 12 2
CMP 19 0.439134 -0.821235 0 N BAT1 PartName
TOP 0 0.439134 -0.821235 0 N 23 13 1
TOP 1 -0.328583 -0.821235 0 N 73 337 2
CMP 15 0.594228 0.603119 90 N C9 PartName
TOP 0 0.594228 0.603119 90 N 28 74 1
TOP 1 0.594228 0.359024 90 N 73 338 2
CMP 15 1.102102 0.587464 0 N C1 PartName
TOP 0 1.102102 0.587464 0 N 157 16 1
TOP 1 0.858008 0.587464 0 N 73 339 2
CMP 20 0.779268 -0.495306 90 N C28 PartName
TOP 0 0.779268 -0.495306 90 N 29 11 1
TOP 1 0.779268 -0.566172 90 N 73 340 2
CMP 1 0.993205 -0.55218 0 N R56 PartName
TOP 0 0.993205 -0.55218 0 N 130 7 1
TOP 1 0.914465 -0.55218 0 N 29 12 2
CMP 21 -0.00026 0.721229 0 N C29 PartName
TOP 0 -0.00026 0.721229 0 N 65 6 1
TOP 1 -0.11837 0.721229 0 N 127 47 2
CMP 1 -0.996323 -0.637039 180 N R59 PartName
TOP 0 -0.996323 -0.637039 180 N 141 14 1
TOP 1 -0.917583 -0.637039 180 N 135 26 2
CMP 1 -0.996323 -0.534676 -180 N R58 PartName
TOP 0 -0.996323 -0.534676 -180 N 140 4 1
TOP 1 -0.917583 -0.534676 -180 N 75 22 2
CMP 1 -0.779787 -0.487432 -90 N R60 PartName
TOP 0 -0.779787 -0.487432 -90 N 139 12 1
TOP 1 -0.779787 -0.408692 -90 N 76 19 2
CMP 1 -0.996323 -0.87618 180 N R61 PartName
TOP 0 -0.996323 -0.87618 180 N 138 6 1
TOP 1 -0.917583 -0.87618 180 N 143 13 2
CMP 1 -0.917583 -0.735464 0 N R63 PartName
TOP 0 -0.917583 -0.735464 0 N 73 343 1
TOP 1 -0.996323 -0.735464 0 N 139 13 2
CMP 1 -0.917583 -0.80218 0 N R64 PartName
TOP 0 -0.917583 -0.80218 0 N 73 344 1
TOP 1 -0.996323 -0.80218 0 N 138 7 2
CMP 1 0.393441 0.299969 180 N R82 PartName
TOP 0 0.393441 0.299969 180 N 50 29 1
TOP 1 0.472181 0.299969 180 N 79 9 2
CMP 1 0.472181 0.461387 0 N R83 PartName
TOP 0 0.472181 0.461387 0 N 52 35 1
TOP 1 0.393441 0.461387 0 N 81 4 2
CMP 1 0.161157 0.626741 90 N R84 PartName
TOP 0 0.161157 0.626741 90 N 54 31 1
TOP 1 0.161157 0.548001 90 N 83 5 2
CMP 1 -0.996323 0.162174 -180 N R85 PartName
TOP 0 -0.996323 0.162174 -180 N 61 4 1
TOP 1 -0.917583 0.162174 -180 N 92 11 2
CMP 1 -0.996323 0.366898 180 N R86 PartName
TOP 0 -0.996323 0.366898 180 N 59 4 1
TOP 1 -0.917583 0.366898 180 N 90 10 2
CMP 1 -0.996323 0.563749 180 N R87 PartName
TOP 0 -0.996323 0.563749 180 N 57 4 1
TOP 1 -0.917583 0.563749 180 N 88 14 2
CMP 1 -1.035693 0.768473 180 N R88 PartName
TOP 0 -1.035693 0.768473 180 N 49 4 1
TOP 1 -0.956953 0.768473 180 N 86 16 2
CMP 1 -1.397898 0.646426 0 N R89 PartName
TOP 0 -1.397898 0.646426 0 N 129 7 1
TOP 1 -1.476638 0.646426 0 N 96 19 2
CMP 1 -0.370339 0.53619 180 N R90 PartName
TOP 0 -0.370339 0.53619 180 N 47 42 1
TOP 1 -0.291598 0.53619 180 N 101 4 2
CMP 1 -1.488449 0.260599 -180 N R93 PartName
TOP 0 -1.488449 0.260599 -180 N 78 42 1
TOP 1 -1.409709 0.260599 -180 N 63 5 2
CMP 1 0.393441 0.378709 -180 N R94 PartName
TOP 0 0.393441 0.378709 -180 N 80 6 1
TOP 1 0.472181 0.378709 -180 N 51 18 2
CMP 1 0.239898 0.548001 -90 N R95 PartName
TOP 0 0.239898 0.548001 -90 N 82 5 1
TOP 1 0.239898 0.626741 -90 N 53 36 2
CMP 1 0.082417 0.548001 -90 N R96 PartName
TOP 0 0.082417 0.548001 -90 N 84 5 1
TOP 1 0.082417 0.626741 -90 N 55 55 2
CMP 1 -0.917583 0.465324 0 N R98 PartName
TOP 0 -0.917583 0.465324 0 N 89 17 1
TOP 1 -0.996323 0.465324 0 N 58 4 2
CMP 1 -0.917583 0.662174 0 N R99 PartName
TOP 0 -0.917583 0.662174 0 N 87 16 1
TOP 1 -0.996323 0.662174 0 N 56 4 2
CMP 1 -1.023882 0.937765 90 N R100 PartName
TOP 0 -1.023882 0.937765 90 N 85 17 1
TOP 1 -1.023882 0.859024 90 N 48 3 2
CMP 1 -1.472701 0.45745 180 N R101 PartName
TOP 0 -1.472701 0.45745 180 N 102 18 1
TOP 1 -1.393961 0.45745 180 N 158 4 2
CMP 1 -0.291598 0.465324 0 N R102 PartName
TOP 0 -0.291598 0.465324 0 N 100 4 1
TOP 1 -0.370339 0.465324 0 N 128 33 2
CMP 1 -0.996323 0.063749 -180 N R108 PartName
TOP 0 -0.996323 0.063749 -180 N 67 4 1
TOP 1 -0.917583 0.063749 -180 N 123 10 2
CMP 1 -0.996323 -0.038613 -180 N R109 PartName
TOP 0 -0.996323 -0.038613 -180 N 68 4 1
TOP 1 -0.917583 -0.038613 -180 N 122 11 2
CMP 1 -0.996323 -0.137039 -180 N R110 PartName
TOP 0 -0.996323 -0.137039 -180 N 69 3 1
TOP 1 -0.917583 -0.137039 -180 N 121 9 2
CMP 1 -0.996323 -0.337826 -180 N R112 PartName
TOP 0 -0.996323 -0.337826 -180 N 71 4 1
TOP 1 -0.917583 -0.337826 -180 N 120 12 2
CMP 1 -0.996323 -0.436251 -180 N R113 PartName
TOP 0 -0.996323 -0.436251 -180 N 70 4 1
TOP 1 -0.917583 -0.436251 -180 N 119 11 2
CMP 22 0.88163 0.721229 180 N J1 PartName
TOP 0 0.88163 0.721229 180 N 73 345 1
TOP 1 0.913126 0.721229 180 N 159 34 2
TOP 2 0.944622 0.721229 180 N 19 7 3
TOP 3 0.976118 0.721229 180 N 17 8 4
TOP 4 1.007614 0.721229 180 N 22 6 5
TOP 5 0.767457 0.725166 180 N 73 346 6
TOP 6 0.767457 0.961387 180 N 73 347 7
TOP 7 1.11785 0.961387 180 N 73 348 8
TOP 8 1.11785 0.725166 180 N 73 349 9
TOP 9 0.856803 0.844631 180 N 159 35 10
TOP 10 1.033969 0.844631 180 N 159 36 11
CMP 23 1.666732 -0.719653 -90 N U1 PartName
TOP 0 1.570606 -0.68822 -90 N 73 350 1
TOP 1 1.491866 -0.68822 -90 N 28 77 2
TOP 2 1.413126 -0.68822 -90 N 133 18 3
TOP 3 1.334386 -0.68822 -90 N 5 5 4
TOP 4 1.255646 -0.68822 -90 N 159 37 5
TOP 5 1.176906 -0.68822 -90 N 6 7 6
TOP 6 1.098165 -0.68822 -90 N 130 8 7
TOP 7 1.019425 -0.68822 -90 N 159 38 8
TOP 8 0.940685 -0.68822 -90 N 159 39 9
TOP 9 0.861945 -0.68822 -90 N 159 40 10
TOP 10 0.783205 -0.68822 -90 N 73 351 11
TOP 11 0.704465 -0.68822 -90 N 159 41 12
TOP 12 0.625724 -0.68822 -90 N 73 352 13
TOP 13 0.53911 -0.530739 -90 N 159 42 14
TOP 14 0.53911 -0.451212 -180 N 159 43 15
TOP 15 0.53911 -0.373259 -180 N 159 44 16
TOP 16 0.53911 -0.294519 -180 N 159 45 17
TOP 17 0.629661 0.177922 -270 N 73 353 18
TOP 18 0.708402 0.177922 -270 N 159 46 19
TOP 19 0.787142 0.177922 -270 N 64 12 20
TOP 20 0.865882 0.177922 -270 N 159 47 21
TOP 21 0.944622 0.177922 -270 N 142 2 22
TOP 22 1.023362 0.177922 -270 N 159 48 23
TOP 23 1.102102 0.177922 -270 N 46 2 24
TOP 24 1.180843 0.177922 -270 N 159 49 25
TOP 25 1.259583 0.177922 -270 N 159 50 26
TOP 26 1.338323 0.177922 -270 N 159 51 27
TOP 27 1.417063 0.177922 -270 N 159 52 28
TOP 28 1.495803 0.177922 -270 N 159 53 29
TOP 29 1.574543 0.177922 -270 N 159 54 30
TOP 30 1.653283 0.177922 -270 N 73 354 31
TOP 31 1.732024 0.177922 -270 N 159 55 32
TOP 32 1.810764 0.177922 -270 N 159 56 33
CMP 25 0.964307 0.378709 90 N U3 PartName
TOP 0 0.964307 0.469709 90 N 73 356 1
TOP 1 0.964307 0.378709 90 N 28 78 2
TOP 2 0.964307 0.287709 90 N 156 203 3
TOP 3 0.716307 0.378709 180 N 28 79 4
CMP 27 -0.386087 -1.200031 0 N SW1 PartName
TOP 0 -0.386087 -1.200031 -90 N 73 358 1
TOP 1 -0.610496 -1.200031 -90 N 127 48 2
CMP 28 1.523362 0.35115 0 N J2 PartName
TOP 0 1.523362 0.35115 0 N 27 3 1
TOP 1 1.423362 0.35115 0 N 73 359 2
CMP 30 1.121787 -0.223653 0 N J3 PartName
TOP 0 0.924937 -0.310653 90 N 30 7 1
TOP 1 0.964307 -0.310653 90 N 37 7 2
TOP 2 1.003677 -0.310653 90 N 38 7 3
TOP 3 1.043047 -0.310653 90 N 39 12 4
TOP 4 1.082417 -0.310653 90 N 40 9 5
TOP 5 1.121787 -0.310653 90 N 41 8 6
TOP 6 1.161157 -0.310653 90 N 42 7 7
TOP 7 1.200528 -0.310653 90 N 43 7 8
TOP 8 1.239898 -0.310653 90 N 44 7 9
TOP 9 1.279268 -0.310653 90 N 31 6 10
TOP 10 1.373756 -0.223653 0 N 159 72 11
TOP 11 0.826512 -0.223653 0 N 159 73 12
CMP 30 -1.602622 -0.117354 0 N J4 PartName
TOP 0 -1.799472 -0.204354 90 N 145 3 1
TOP 1 -1.760102 -0.204354 90 N 144 9 2
TOP 2 -1.720732 -0.204354 90 N 146 13 3
TOP 3 -1.681362 -0.204354 90 N 147 7 4
TOP 4 -1.641992 -0.204354 90 N 148 5 5
TOP 5 -1.602622 -0.204354 90 N 150 9 6
TOP 6 -1.563252 -0.204354 90 N 149 3 7
TOP 7 -1.523882 -0.204354 90 N 151 7 8
TOP 8 -1.484512 -0.204354 90 N 159 74 9
TOP 9 -1.445142 -0.204354 90 N 73 369 10
TOP 10 -1.350654 -0.117354 0 N 159 75 11
TOP 11 -1.897898 -0.117354 0 N 159 76 12
CMP 31 0.46037 -1.107117 180 N U4 PartName
TOP 0 0.46037 -1.157117 90 N 73 370 1
TOP 1 0.46037 -1.107117 90 N 73 371 2
TOP 2 0.46037 -1.057117 90 N 73 372 3
TOP 3 0.46037 -1.007117 90 N 73 373 4
TOP 4 0.672969 -1.007117 90 N 137 31 5
TOP 5 0.672969 -1.057117 90 N 136 31 6
TOP 6 0.672969 -1.107117 90 N 73 374 7
TOP 7 0.672969 -1.157117 90 N 156 204 8
CMP 1 -0.995795 -0.94518 -180 N R6 PartName
TOP 0 -0.995795 -0.94518 -180 N 0 3 1
TOP 1 -0.917055 -0.94518 -180 N 152 30 2
CMP 1 -1.020795 -1.02118 -180 N R7 PartName
TOP 0 -1.020795 -1.02118 -180 N 1 3 1
TOP 1 -0.942055 -1.02118 -180 N 131 37 2
