# XDBGEN converter version 211
CMP 1 -1.901575 0.255906 0 N R81 PartName
TOP 0 -1.901575 0.255906 0 N 62 7 1
TOP 1 -1.980315 0.255906 0 N 77 31 2
CMP 1 -0.34252 0.795276 -90 N R19 PartName
TOP 0 -0.34252 0.795276 -90 N 114 14 1
TOP 1 -0.34252 0.874016 -90 N 3 1 2
CMP 2 0.137795 -0.366142 0 N R40 PartName
TOP 0 0.137795 -0.366142 0 N 156 176 1
TOP 1 0.059055 -0.366142 0 N 24 2 2
CMP 2 -0.771654 0.370079 -180 N R21 PartName
TOP 0 -0.771654 0.370079 -180 N 12 13 1
TOP 1 -0.692913 0.370079 -180 N 11 9 2
CMP 2 -0.720472 0.023622 270 N R18 PartName
TOP 0 -0.720472 0.023622 270 N 12 14 1
TOP 1 -0.720472 0.102362 270 N 10 12 2
CMP 1 -0.389764 1.051181 0 N R20 PartName
TOP 0 -0.389764 1.051181 0 N 4 3 1
TOP 1 -0.468504 1.051181 0 N 2 3 2
CMP 1 -1.200787 0.267717 0 N R97 PartName
TOP 0 -1.200787 0.267717 0 N 91 11 1
TOP 1 -1.279528 0.267717 0 N 60 3 2
CMP 1 -0.822835 -0.61811 0 N R37 PartName
TOP 0 -0.822835 -0.61811 0 N 127 44 1
TOP 1 -0.901575 -0.61811 0 N 156 177 2
CMP 1 0.972441 -0.562992 180 N R2 PartName
TOP 0 0.972441 -0.562992 180 N 154 22 1
TOP 1 1.051181 -0.562992 180 N 5 3 2
CMP 2 0.106299 0.551181 -90 N R31 PartName
TOP 0 0.106299 0.551181 -90 N 19 6 1
TOP 1 0.106299 0.629921 -90 N 20 2 2
CMP 1 -1.279528 -0.232283 180 N R111 PartName
TOP 0 -1.279528 -0.232283 180 N 66 4 1
TOP 1 -1.200787 -0.232283 180 N 124 13 2
CMP 4 -0.496063 0.84252 0 N LS1 PartName
TOP 0 -0.496063 0.84252 0 N 2 4 1
TOP 1 -0.775591 0.846457 0 N 73 310 2
CMP 5 -0.26752 0.981882 -90 N Q2 PartName
TOP 0 -0.26752 0.981882 90 N 156 178 1
TOP 1 -0.34252 0.944882 90 N 3 2 2
TOP 2 -0.34252 1.018882 90 N 4 4 3
CMP 2 -0.681102 0.275591 -270 N R25 PartName
TOP 0 -0.681102 0.275591 -270 N 137 28 1
TOP 1 -0.681102 0.19685 -270 N 156 179 2
CMP 7 1.011811 -0.851717 -90 N C13 PartName
TOP 0 1.011811 -0.851717 -90 N 156 181 1
TOP 1 1.011811 -0.767717 -90 N 73 312 2
CMP 7 -0.34778 0.543307 180 N C34 PartName
TOP 0 -0.34778 0.543307 180 N 156 182 1
TOP 1 -0.26378 0.543307 180 N 73 313 2
CMP 7 -1.988189 0.65748 0 N C2 PartName
TOP 0 -1.988189 0.65748 0 N 156 183 1
TOP 1 -2.072189 0.65748 0 N 73 317 2
CMP 7 1.519685 -0.633858 -90 N C3 PartName
TOP 0 1.519685 -0.633858 -90 N 156 184 1
TOP 1 1.519685 -0.549858 -90 N 73 318 2
CMP 9 -0.182307 1.021 90 N U30 PartName
TOP 0 -0.182307 1.021 0 N 131 35 1
TOP 1 -0.156717 1.021 0 N 65 5 2
TOP 2 -0.131126 1.021 0 N 159 3 3
TOP 3 -0.105535 1.021 0 N 156 185 4
TOP 4 -0.079945 1.021 0 N 152 28 5
TOP 5 -0.054354 1.021 0 N 159 4 6
TOP 6 -0.028764 1.021 0 N 73 319 7
TOP 7 -0.003173 1.021 0 N 21 3 8
TOP 8 0.022417 1.021 0 N 159 5 9
TOP 9 0.048008 1.021 0 N 159 6 10
TOP 10 0.073598 1.021 0 N 159 7 11
TOP 11 0.099189 1.021 0 N 159 8 12
TOP 12 0.12478 1.021 0 N 159 9 13
TOP 13 0.15037 1.021 0 N 159 10 14
TOP 14 0.15037 0.74541 0 N 20 3 15
TOP 15 0.12478 0.74541 0 N 18 4 16
TOP 16 0.099189 0.74541 0 N 159 11 17
TOP 17 0.073598 0.74541 0 N 73 320 18
TOP 18 0.048008 0.74541 0 N 159 12 19
TOP 19 0.022417 0.74541 0 N 156 186 20
TOP 20 -0.003173 0.74541 0 N 73 321 21
TOP 21 -0.028764 0.74541 0 N 15 5 22
TOP 22 -0.054354 0.74541 0 N 13 6 23
TOP 23 -0.079945 0.74541 0 N 21 4 24
TOP 24 -0.105535 0.74541 0 N 73 322 25
TOP 25 -0.131126 0.74541 0 N 73 323 26
TOP 26 -0.156717 0.74541 0 N 159 13 27
TOP 27 -0.182307 0.74541 0 N 159 14 28
CMP 10 -0.799213 -0.30315 90 N ICSP PartName
TOP 0 -0.799213 -0.30315 90 N 75 20 1
TOP 1 -0.899213 -0.30315 90 N 156 187 2
TOP 2 -0.799213 -0.40315 90 N 135 24 3
TOP 3 -0.899213 -0.40315 90 N 76 17 4
TOP 4 -0.799213 -0.50315 90 N 127 45 5
TOP 5 -0.899213 -0.50315 90 N 73 324 6
CMP 11 1.003937 0.374016 0 N F1 PartName
TOP 0 1.003937 0.374016 0 N 156 188 1
TOP 1 0.799213 0.374016 0 N 22 5 2
CMP 2 0.027559 0.551181 -90 N R30 PartName
TOP 0 0.027559 0.551181 -90 N 17 7 1
TOP 1 0.027559 0.629921 -90 N 18 5 2
CMP 13 -0.862205 -0.007874 -90 N X1 PartName
TOP 0 -0.862205 -0.007874 -90 N 12 15 1
TOP 1 -0.862205 0.192126 -90 N 10 13 2
CMP 14 0.34252 1.019685 90 N D7 PartName
TOP 0 0.34252 1.019685 180 N 156 190 1
TOP 1 0.34252 0.871685 180 N 14 1 2
CMP 14 0.23622 1.019685 90 N D11 PartName
TOP 0 0.23622 1.019685 180 N 156 191 1
TOP 1 0.23622 0.871685 180 N 16 1 2
CMP 2 0.34252 0.728346 -90 N R26 PartName
TOP 0 0.34252 0.728346 -90 N 13 7 1
TOP 1 0.34252 0.807087 -90 N 14 2 2
CMP 2 0.23622 0.728346 -90 N R29 PartName
TOP 0 0.23622 0.728346 -90 N 15 6 1
TOP 1 0.23622 0.807087 -90 N 16 2 2
CMP 7 -1.019685 0.043307 -270 N C7 PartName
TOP 0 -1.019685 0.043307 -270 N 73 325 1
TOP 1 -1.019685 -0.040693 -270 N 12 16 2
CMP 7 -1.019685 0.108913 -90 N C8 PartName
TOP 0 -1.019685 0.108913 -90 N 73 326 1
TOP 1 -1.019685 0.192913 -90 N 10 14 2
CMP 15 1.307087 -0.834646 -180 N C15 PartName
TOP 0 1.307087 -0.834646 -180 N 156 192 1
TOP 1 1.551181 -0.834646 -180 N 73 327 2
CMP 16 -0.270827 0.156614 -90 N U14 PartName
TOP 0 -0.034606 -0.146535 -180 N 121 8 1
TOP 1 -0.054291 -0.146535 -180 N 131 36 2
TOP 2 -0.073976 -0.146535 -180 N 152 29 3
TOP 3 -0.093661 -0.146535 -180 N 97 0 4
TOP 4 -0.113346 -0.146535 -180 N 122 10 5
TOP 5 -0.133031 -0.146535 -180 N 119 10 6
TOP 6 -0.152717 -0.146535 -180 N 120 11 7
TOP 7 -0.172402 -0.146535 -180 N 98 0 8
TOP 8 -0.192087 -0.146535 -180 N 99 0 9
TOP 9 -0.211772 -0.146535 -180 N 156 193 10
TOP 10 -0.231457 -0.146535 -180 N 73 328 11
TOP 11 -0.251142 -0.146535 -180 N 133 17 12
TOP 12 -0.270827 -0.146535 -180 N 154 23 13
TOP 13 -0.290512 -0.146535 -180 N 105 0 14
TOP 14 -0.310197 -0.146535 -180 N 123 9 15
TOP 15 -0.329882 -0.146535 -180 N 124 14 16
TOP 16 -0.349567 -0.146535 -180 N 125 0 17
TOP 17 -0.369252 -0.146535 -180 N 126 0 18
TOP 18 -0.388937 -0.146535 -180 N 143 12 19
TOP 19 -0.408622 -0.146535 -180 N 135 25 20
TOP 20 -0.428307 -0.146535 -180 N 76 18 21
TOP 21 -0.447992 -0.146535 -180 N 75 21 22
TOP 22 -0.467677 -0.146535 -180 N 115 0 23
TOP 23 -0.487362 -0.146535 -180 N 116 0 24
TOP 24 -0.507047 -0.146535 -180 N 117 0 25
TOP 25 -0.573976 -0.079606 -90 N 118 17 26
TOP 26 -0.573976 -0.059921 -90 N 106 0 27
TOP 27 -0.573976 -0.040236 -90 N 103 0 28
TOP 28 -0.573976 -0.020551 -90 N 104 0 29
TOP 29 -0.573976 -0.000866 -90 N 127 46 30
TOP 30 -0.573976 0.018819 -90 N 156 194 31
TOP 31 -0.573976 0.038504 -90 N 73 329 32
TOP 32 -0.573976 0.058189 -90 N 10 15 33
TOP 33 -0.573976 0.077874 -90 N 11 10 34
TOP 34 -0.573976 0.097559 -90 N 107 0 35
TOP 35 -0.573976 0.117244 -90 N 108 0 36
TOP 36 -0.573976 0.136929 -90 N 109 0 37
TOP 37 -0.573976 0.156614 -90 N 110 0 38
TOP 38 -0.573976 0.176299 -90 N 111 0 39
TOP 39 -0.573976 0.195984 -90 N 112 0 40
TOP 40 -0.573976 0.215669 -90 N 113 0 41
TOP 41 -0.573976 0.235354 -90 N 114 15 42
TOP 42 -0.573976 0.255039 -90 N 136 29 43
TOP 43 -0.573976 0.274724 -90 N 137 29 44
TOP 44 -0.573976 0.294409 -90 N 132 0 45
TOP 45 -0.573976 0.314094 -90 N 153 0 46
TOP 46 -0.573976 0.33378 -90 N 93 0 47
TOP 47 -0.573976 0.353465 -90 N 94 0 48
TOP 48 -0.573976 0.37315 -90 N 95 0 49
TOP 49 -0.573976 0.392835 -90 N 96 18 50
TOP 50 -0.507047 0.459764 -180 N 100 3 51
TOP 51 -0.487362 0.459764 -180 N 101 3 52
TOP 52 -0.467677 0.459764 -180 N 85 16 53
TOP 53 -0.447992 0.459764 -180 N 86 15 54
TOP 54 -0.428307 0.459764 -180 N 87 15 55
TOP 55 -0.408622 0.459764 -180 N 88 13 56
TOP 56 -0.388937 0.459764 -180 N 89 16 57
TOP 57 -0.369252 0.459764 -180 N 90 9 58
TOP 58 -0.349567 0.459764 -180 N 91 12 59
TOP 59 -0.329882 0.459764 -180 N 92 10 60
TOP 60 -0.310197 0.459764 -180 N 156 195 61
TOP 61 -0.290512 0.459764 -180 N 73 330 62
TOP 62 -0.270827 0.459764 -180 N 134 0 63
TOP 63 -0.251142 0.459764 -180 N 155 0 64
TOP 64 -0.231457 0.459764 -180 N 159 15 65
TOP 65 -0.211772 0.459764 -180 N 159 16 66
TOP 66 -0.192087 0.459764 -180 N 159 17 67
TOP 67 -0.172402 0.459764 -180 N 159 18 68
TOP 68 -0.152717 0.459764 -180 N 159 19 69
TOP 69 -0.133031 0.459764 -180 N 102 17 70
TOP 70 -0.113346 0.459764 -180 N 84 4 71
TOP 71 -0.093661 0.459764 -180 N 83 4 72
TOP 72 -0.073976 0.459764 -180 N 82 4 73
TOP 73 -0.054291 0.459764 -180 N 81 3 74
TOP 74 -0.034606 0.459764 -180 N 80 5 75
TOP 75 0.032323 0.392835 -90 N 79 8 76
TOP 76 0.032323 0.37315 -90 N 78 41 77
TOP 77 0.032323 0.353465 -90 N 77 32 78
TOP 78 0.032323 0.33378 -90 N 159 20 79
TOP 79 0.032323 0.314094 -90 N 156 196 80
TOP 80 0.032323 0.294409 -90 N 73 331 81
TOP 81 0.032323 0.274724 -90 N 36 0 82
TOP 82 0.032323 0.255039 -90 N 35 0 83
TOP 83 0.032323 0.235354 -90 N 34 0 84
TOP 84 0.032323 0.215669 -90 N 33 0 85
TOP 85 0.032323 0.195984 -90 N 32 17 86
TOP 86 0.032323 0.176299 -90 N 31 5 87
TOP 87 0.032323 0.156614 -90 N 44 6 88
TOP 88 0.032323 0.136929 -90 N 43 6 89
TOP 89 0.032323 0.117244 -90 N 42 6 90
TOP 90 0.032323 0.097559 -90 N 41 7 91
TOP 91 0.032323 0.077874 -90 N 40 8 92
TOP 92 0.032323 0.058189 -90 N 39 11 93
TOP 93 0.032323 0.038504 -90 N 38 6 94
TOP 94 0.032323 0.018819 -90 N 37 6 95
TOP 95 0.032323 -0.000866 -90 N 30 6 96
TOP 96 0.032323 -0.020551 -90 N 29 10 97
TOP 97 0.032323 -0.040236 -90 N 45 0 98
TOP 98 0.032323 -0.059921 -90 N 73 332 99
TOP 99 0.032323 -0.079606 -90 N 156 197 100
TOP 100 0.032323 0.459764 -90 N 159 21 101
TOP 101 -0.573976 -0.146535 -90 N 159 22 102
CMP 15 -0.807087 0.555118 0 N C17 PartName
TOP 0 -0.807087 0.555118 0 N 28 73 1
TOP 1 -1.051181 0.555118 0 N 73 333 2
CMP 7 0.181102 -0.192913 -90 N C18 PartName
TOP 0 0.181102 -0.192913 -90 N 156 198 1
TOP 1 0.181102 -0.108913 -90 N 73 334 2
CMP 17 0.745197 -0.974213 0 N U18 PartName
TOP 0 0.925197 -0.799213 -90 N 159 23 1
TOP 1 0.925197 -0.849213 -90 N 156 199 2
TOP 2 0.925197 -0.899213 -90 N 159 24 3
TOP 3 0.925197 -0.949213 -90 N 159 25 4
TOP 4 0.925197 -0.999213 -90 N 159 26 5
TOP 5 0.925197 -1.049213 -90 N 159 27 6
TOP 6 0.925197 -1.099213 -90 N 159 28 7
TOP 7 0.925197 -1.149213 -90 N 159 29 8
TOP 8 0.565197 -1.149213 90 N 159 30 9
TOP 9 0.565197 -1.099213 90 N 159 31 10
TOP 10 0.565197 -1.049213 90 N 159 32 11
TOP 11 0.565197 -0.999213 90 N 159 33 12
TOP 12 0.565197 -0.949213 90 N 73 335 13
TOP 13 0.565197 -0.899213 90 N 23 11 14
TOP 14 0.565197 -0.849213 90 N 137 30 15
TOP 15 0.565197 -0.799213 90 N 136 30 16
CMP 7 -0.183717 -0.34252 0 N C22 PartName
TOP 0 -0.183717 -0.34252 0 N 156 200 1
TOP 1 -0.267717 -0.34252 0 N 73 336 2
CMP 18 0.153543 -0.484252 0 N D14 PartName
TOP 0 0.023622 -0.484252 0 N 24 3 1
TOP 1 0.153543 -0.484252 0 N 23 12 2
CMP 19 0.155929 -0.818055 0 N BAT1 PartName
TOP 0 0.155929 -0.818055 0 N 23 13 1
TOP 1 -0.611787 -0.818055 0 N 73 337 2
CMP 15 0.311024 0.606299 90 N C9 PartName
TOP 0 0.311024 0.606299 90 N 28 74 1
TOP 1 0.311024 0.362205 90 N 73 338 2
CMP 15 0.818898 0.590644 0 N C1 PartName
TOP 0 0.818898 0.590644 0 N 157 16 1
TOP 1 0.574803 0.590644 0 N 73 339 2
CMP 20 0.496063 -0.492126 90 N C28 PartName
TOP 0 0.496063 -0.492126 90 N 29 11 1
TOP 1 0.496063 -0.562992 90 N 73 340 2
CMP 1 0.71 -0.549 0 N R56 PartName
TOP 0 0.71 -0.549 0 N 130 7 1
TOP 1 0.63126 -0.549 0 N 29 12 2
CMP 21 -0.283465 0.724409 0 N C29 PartName
TOP 0 -0.283465 0.724409 0 N 65 6 1
TOP 1 -0.401575 0.724409 0 N 127 47 2
CMP 1 -1.279528 -0.633858 180 N R59 PartName
TOP 0 -1.279528 -0.633858 180 N 141 14 1
TOP 1 -1.200787 -0.633858 180 N 135 26 2
CMP 1 -1.279528 -0.531496 -180 N R58 PartName
TOP 0 -1.279528 -0.531496 -180 N 140 4 1
TOP 1 -1.200787 -0.531496 -180 N 75 22 2
CMP 1 -1.062992 -0.484252 -90 N R60 PartName
TOP 0 -1.062992 -0.484252 -90 N 139 12 1
TOP 1 -1.062992 -0.405512 -90 N 76 19 2
CMP 1 -1.279528 -0.873 180 N R61 PartName
TOP 0 -1.279528 -0.873 180 N 138 6 1
TOP 1 -1.200787 -0.873 180 N 143 13 2
CMP 1 -1.200787 -0.732283 0 N R63 PartName
TOP 0 -1.200787 -0.732283 0 N 73 343 1
TOP 1 -1.279528 -0.732283 0 N 139 13 2
CMP 1 -1.200787 -0.799 0 N R64 PartName
TOP 0 -1.200787 -0.799 0 N 73 344 1
TOP 1 -1.279528 -0.799 0 N 138 7 2
CMP 1 0.110236 0.30315 180 N R82 PartName
TOP 0 0.110236 0.30315 180 N 50 29 1
TOP 1 0.188976 0.30315 180 N 79 9 2
CMP 1 0.188976 0.464567 0 N R83 PartName
TOP 0 0.188976 0.464567 0 N 52 35 1
TOP 1 0.110236 0.464567 0 N 81 4 2
CMP 1 -0.122047 0.629921 90 N R84 PartName
TOP 0 -0.122047 0.629921 90 N 54 31 1
TOP 1 -0.122047 0.551181 90 N 83 5 2
CMP 1 -1.279528 0.165354 -180 N R85 PartName
TOP 0 -1.279528 0.165354 -180 N 61 4 1
TOP 1 -1.200787 0.165354 -180 N 92 11 2
CMP 1 -1.279528 0.370079 180 N R86 PartName
TOP 0 -1.279528 0.370079 180 N 59 4 1
TOP 1 -1.200787 0.370079 180 N 90 10 2
CMP 1 -1.279528 0.566929 180 N R87 PartName
TOP 0 -1.279528 0.566929 180 N 57 4 1
TOP 1 -1.200787 0.566929 180 N 88 14 2
CMP 1 -1.318898 0.771654 180 N R88 PartName
TOP 0 -1.318898 0.771654 180 N 49 4 1
TOP 1 -1.240157 0.771654 180 N 86 16 2
CMP 1 -1.681102 0.649606 0 N R89 PartName
TOP 0 -1.681102 0.649606 0 N 129 7 1
TOP 1 -1.759843 0.649606 0 N 96 19 2
CMP 1 -0.653543 0.53937 180 N R90 PartName
TOP 0 -0.653543 0.53937 180 N 47 42 1
TOP 1 -0.574803 0.53937 180 N 101 4 2
CMP 1 -1.771654 0.26378 -180 N R93 PartName
TOP 0 -1.771654 0.26378 -180 N 78 42 1
TOP 1 -1.692913 0.26378 -180 N 63 5 2
CMP 1 0.110236 0.38189 -180 N R94 PartName
TOP 0 0.110236 0.38189 -180 N 80 6 1
TOP 1 0.188976 0.38189 -180 N 51 18 2
CMP 1 -0.043307 0.551181 -90 N R95 PartName
TOP 0 -0.043307 0.551181 -90 N 82 5 1
TOP 1 -0.043307 0.629921 -90 N 53 36 2
CMP 1 -0.200787 0.551181 -90 N R96 PartName
TOP 0 -0.200787 0.551181 -90 N 84 5 1
TOP 1 -0.200787 0.629921 -90 N 55 55 2
CMP 1 -1.200787 0.468504 0 N R98 PartName
TOP 0 -1.200787 0.468504 0 N 89 17 1
TOP 1 -1.279528 0.468504 0 N 58 4 2
CMP 1 -1.200787 0.665354 0 N R99 PartName
TOP 0 -1.200787 0.665354 0 N 87 16 1
TOP 1 -1.279528 0.665354 0 N 56 4 2
CMP 1 -1.307087 0.940945 90 N R100 PartName
TOP 0 -1.307087 0.940945 90 N 85 17 1
TOP 1 -1.307087 0.862205 90 N 48 3 2
CMP 1 -1.755906 0.46063 180 N R101 PartName
TOP 0 -1.755906 0.46063 180 N 102 18 1
TOP 1 -1.677165 0.46063 180 N 158 4 2
CMP 1 -0.574803 0.468504 0 N R102 PartName
TOP 0 -0.574803 0.468504 0 N 100 4 1
TOP 1 -0.653543 0.468504 0 N 128 33 2
CMP 1 -1.279528 0.066929 -180 N R108 PartName
TOP 0 -1.279528 0.066929 -180 N 67 4 1
TOP 1 -1.200787 0.066929 -180 N 123 10 2
CMP 1 -1.279528 -0.035433 -180 N R109 PartName
TOP 0 -1.279528 -0.035433 -180 N 68 4 1
TOP 1 -1.200787 -0.035433 -180 N 122 11 2
CMP 1 -1.279528 -0.133858 -180 N R110 PartName
TOP 0 -1.279528 -0.133858 -180 N 69 3 1
TOP 1 -1.200787 -0.133858 -180 N 121 9 2
CMP 1 -1.279528 -0.334646 -180 N R112 PartName
TOP 0 -1.279528 -0.334646 -180 N 71 4 1
TOP 1 -1.200787 -0.334646 -180 N 120 12 2
CMP 1 -1.279528 -0.433071 -180 N R113 PartName
TOP 0 -1.279528 -0.433071 -180 N 70 4 1
TOP 1 -1.200787 -0.433071 -180 N 119 11 2
CMP 22 0.598425 0.724409 180 N J1 PartName
TOP 0 0.598425 0.724409 180 N 73 345 1
TOP 1 0.629921 0.724409 180 N 159 34 2
TOP 2 0.661417 0.724409 180 N 19 7 3
TOP 3 0.692913 0.724409 180 N 17 8 4
TOP 4 0.724409 0.724409 180 N 22 6 5
TOP 5 0.484252 0.728346 180 N 73 346 6
TOP 6 0.484252 0.964567 180 N 73 347 7
TOP 7 0.834646 0.964567 180 N 73 348 8
TOP 8 0.834646 0.728346 180 N 73 349 9
TOP 9 0.573598 0.847811 180 N 159 35 10
TOP 10 0.750764 0.847811 180 N 159 36 11
CMP 23 1.383528 -0.716472 -90 N U1 PartName
TOP 0 1.287402 -0.685039 -90 N 73 350 1
TOP 1 1.208661 -0.685039 -90 N 28 77 2
TOP 2 1.129921 -0.685039 -90 N 133 18 3
TOP 3 1.051181 -0.685039 -90 N 5 5 4
TOP 4 0.972441 -0.685039 -90 N 159 37 5
TOP 5 0.893701 -0.685039 -90 N 6 7 6
TOP 6 0.814961 -0.685039 -90 N 130 8 7
TOP 7 0.73622 -0.685039 -90 N 159 38 8
TOP 8 0.65748 -0.685039 -90 N 159 39 9
TOP 9 0.57874 -0.685039 -90 N 159 40 10
TOP 10 0.5 -0.685039 -90 N 73 351 11
TOP 11 0.42126 -0.685039 -90 N 159 41 12
TOP 12 0.34252 -0.685039 -90 N 73 352 13
TOP 13 0.255906 -0.527559 -90 N 159 42 14
TOP 14 0.255906 -0.448031 -180 N 159 43 15
TOP 15 0.255906 -0.370079 -180 N 159 44 16
TOP 16 0.255906 -0.291339 -180 N 159 45 17
TOP 17 0.346457 0.181102 -270 N 73 353 18
TOP 18 0.425197 0.181102 -270 N 159 46 19
TOP 19 0.503937 0.181102 -270 N 64 12 20
TOP 20 0.582677 0.181102 -270 N 159 47 21
TOP 21 0.661417 0.181102 -270 N 142 2 22
TOP 22 0.740157 0.181102 -270 N 159 48 23
TOP 23 0.818898 0.181102 -270 N 46 2 24
TOP 24 0.897638 0.181102 -270 N 159 49 25
TOP 25 0.976378 0.181102 -270 N 159 50 26
TOP 26 1.055118 0.181102 -270 N 159 51 27
TOP 27 1.133858 0.181102 -270 N 159 52 28
TOP 28 1.212598 0.181102 -270 N 159 53 29
TOP 29 1.291339 0.181102 -270 N 159 54 30
TOP 30 1.370079 0.181102 -270 N 73 354 31
TOP 31 1.448819 0.181102 -270 N 159 55 32
TOP 32 1.527559 0.181102 -270 N 159 56 33
CMP 25 0.681102 0.38189 90 N U3 PartName
TOP 0 0.681102 0.47289 90 N 73 356 1
TOP 1 0.681102 0.38189 90 N 28 78 2
TOP 2 0.681102 0.29089 90 N 156 203 3
TOP 3 0.433102 0.38189 180 N 28 79 4
CMP 27 -0.669291 -1.19685 0 N SW1 PartName
TOP 0 -0.669291 -1.19685 -90 N 73 358 1
TOP 1 -0.893701 -1.19685 -90 N 127 48 2
CMP 28 1.240157 0.354331 0 N J2 PartName
TOP 0 1.240157 0.354331 0 N 27 3 1
TOP 1 1.140157 0.354331 0 N 73 359 2
CMP 30 0.838583 -0.220472 0 N J3 PartName
TOP 0 0.641732 -0.307472 90 N 30 7 1
TOP 1 0.681102 -0.307472 90 N 37 7 2
TOP 2 0.720472 -0.307472 90 N 38 7 3
TOP 3 0.759843 -0.307472 90 N 39 12 4
TOP 4 0.799213 -0.307472 90 N 40 9 5
TOP 5 0.838583 -0.307472 90 N 41 8 6
TOP 6 0.877953 -0.307472 90 N 42 7 7
TOP 7 0.917323 -0.307472 90 N 43 7 8
TOP 8 0.956693 -0.307472 90 N 44 7 9
TOP 9 0.996063 -0.307472 90 N 31 6 10
TOP 10 1.090551 -0.220472 0 N 159 72 11
TOP 11 0.543307 -0.220472 0 N 159 73 12
CMP 30 -1.885827 -0.114173 0 N J4 PartName
TOP 0 -2.082677 -0.201173 90 N 145 3 1
TOP 1 -2.043307 -0.201173 90 N 144 9 2
TOP 2 -2.003937 -0.201173 90 N 146 13 3
TOP 3 -1.964567 -0.201173 90 N 147 7 4
TOP 4 -1.925197 -0.201173 90 N 148 5 5
TOP 5 -1.885827 -0.201173 90 N 150 9 6
TOP 6 -1.846457 -0.201173 90 N 149 3 7
TOP 7 -1.807087 -0.201173 90 N 151 7 8
TOP 8 -1.767717 -0.201173 90 N 159 74 9
TOP 9 -1.728346 -0.201173 90 N 73 369 10
TOP 10 -1.633858 -0.114173 0 N 159 75 11
TOP 11 -2.181102 -0.114173 0 N 159 76 12
CMP 31 0.177165 -1.103937 180 N U4 PartName
TOP 0 0.177165 -1.153937 90 N 73 370 1
TOP 1 0.177165 -1.103937 90 N 73 371 2
TOP 2 0.177165 -1.053937 90 N 73 372 3
TOP 3 0.177165 -1.003937 90 N 73 373 4
TOP 4 0.389764 -1.003937 90 N 137 31 5
TOP 5 0.389764 -1.053937 90 N 136 31 6
TOP 6 0.389764 -1.103937 90 N 73 374 7
TOP 7 0.389764 -1.153937 90 N 156 204 8
CMP 1 -1.279 -0.942 -180 N R6 PartName
TOP 0 -1.279 -0.942 -180 N 0 3 1
TOP 1 -1.20026 -0.942 -180 N 152 30 2
CMP 1 -1.304 -1.018 -180 N R7 PartName
TOP 0 -1.304 -1.018 -180 N 1 3 1
TOP 1 -1.22526 -1.018 -180 N 131 37 2
