# XDBGEN converter version 211
#bottomsilk
$0 r7.874016
$1 r8
$2 r6
$3 r9.84252
$4 r23.622047
@0 .geometry
@1 .drill
@2 .pad_usage
&0  
L -1.935039 0.228346 -1.94685 0.228346 0 P 0
L -1.935039 0.283465 -1.94685 0.283465 0 P 0
L -1.835433 0.309433 -1.835433 0.339433 1 P 0
L -1.835433 0.339433 -1.860433 0.339433 1 P 0
L -1.860433 0.339433 -1.865433 0.334433 1 P 0
L -1.865433 0.334433 -1.865433 0.329433 1 P 0
L -1.865433 0.329433 -1.860433 0.324433 1 P 0
L -1.860433 0.324433 -1.835433 0.324433 1 P 0
L -1.860433 0.324433 -1.865433 0.319433 1 P 0
L -1.865433 0.319433 -1.865433 0.309433 1 P 0
L -1.885433 0.324433 -1.880433 0.329433 1 P 0
L -1.880433 0.329433 -1.880433 0.334433 1 P 0
L -1.880433 0.334433 -1.885433 0.339433 1 P 0
L -1.885433 0.339433 -1.900433 0.339433 1 P 0
L -1.900433 0.339433 -1.905433 0.334433 1 P 0
L -1.905433 0.334433 -1.905433 0.329433 1 P 0
L -1.905433 0.329433 -1.900433 0.324433 1 P 0
L -1.900433 0.324433 -1.885433 0.324433 1 P 0
L -1.885433 0.324433 -1.880433 0.319433 1 P 0
L -1.880433 0.319433 -1.880433 0.314433 1 P 0
L -1.880433 0.314433 -1.885433 0.309433 1 P 0
L -1.885433 0.309433 -1.900433 0.309433 1 P 0
L -1.900433 0.309433 -1.905433 0.314433 1 P 0
L -1.905433 0.314433 -1.905433 0.319433 1 P 0
L -1.905433 0.319433 -1.900433 0.324433 1 P 0
L -1.925433 0.329433 -1.935433 0.339433 1 P 0
L -1.935433 0.339433 -1.935433 0.309433 1 P 0
L -0.370079 0.82874 -0.370079 0.840551 0 P 0
L -0.314961 0.82874 -0.314961 0.840551 0 P 0
L -0.269906 0.878236 -0.299906 0.878236 1 P 0
L -0.299906 0.878236 -0.299906 0.853236 1 P 0
L -0.299906 0.853236 -0.294906 0.848236 1 P 0
L -0.294906 0.848236 -0.289906 0.848236 1 P 0
L -0.289906 0.848236 -0.284906 0.853236 1 P 0
L -0.284906 0.853236 -0.284906 0.878236 1 P 0
L -0.284906 0.853236 -0.279906 0.848236 1 P 0
L -0.279906 0.848236 -0.269906 0.848236 1 P 0
L -0.289906 0.828236 -0.299906 0.818236 1 P 0
L -0.299906 0.818236 -0.269906 0.818236 1 P 0
L -0.289906 0.768236 -0.284906 0.773236 1 P 0
L -0.284906 0.773236 -0.284906 0.788236 1 P 0
L -0.284906 0.788236 -0.289906 0.793236 1 P 0
L -0.289906 0.793236 -0.294906 0.793236 1 P 0
L -0.294906 0.793236 -0.299906 0.788236 1 P 0
L -0.299906 0.788236 -0.299906 0.773236 1 P 0
L -0.299906 0.773236 -0.294906 0.768236 1 P 0
L -0.294906 0.768236 -0.274906 0.768236 1 P 0
L -0.274906 0.768236 -0.269906 0.773236 1 P 0
L -0.269906 0.773236 -0.269906 0.788236 1 P 0
L 0.104331 -0.393701 0.09252 -0.393701 0 P 0
L 0.104331 -0.338583 0.09252 -0.338583 0 P 0
L 0.123496 -0.305717 0.123496 -0.275717 1 P 0
L 0.123496 -0.275717 0.098496 -0.275717 1 P 0
L 0.098496 -0.275717 0.093496 -0.280717 1 P 0
L 0.093496 -0.280717 0.093496 -0.285717 1 P 0
L 0.093496 -0.285717 0.098496 -0.290717 1 P 0
L 0.098496 -0.290717 0.123496 -0.290717 1 P 0
L 0.098496 -0.290717 0.093496 -0.295717 1 P 0
L 0.093496 -0.295717 0.093496 -0.305717 1 P 0
L 0.053496 -0.295717 0.083496 -0.295717 1 P 0
L 0.083496 -0.295717 0.063496 -0.275717 1 P 0
L 0.063496 -0.275717 0.063496 -0.305717 1 P 0
L 0.043496 -0.300717 0.043496 -0.280717 1 P 0
L 0.043496 -0.280717 0.038496 -0.275717 1 P 0
L 0.038496 -0.275717 0.018496 -0.275717 1 P 0
L 0.018496 -0.275717 0.013496 -0.280717 1 P 0
L 0.013496 -0.280717 0.013496 -0.300717 1 P 0
L 0.013496 -0.300717 0.018496 -0.305717 1 P 0
L 0.018496 -0.305717 0.038496 -0.305717 1 P 0
L 0.038496 -0.305717 0.043496 -0.300717 1 P 0
L 0.043496 -0.305717 0.013496 -0.275717 1 P 0
L -0.738189 0.397638 -0.726378 0.397638 0 P 0
L -0.738189 0.34252 -0.726378 0.34252 0 P 0
L -0.798091 0.411736 -0.798091 0.441736 1 P 0
L -0.798091 0.441736 -0.823091 0.441736 1 P 0
L -0.823091 0.441736 -0.828091 0.436736 1 P 0
L -0.828091 0.436736 -0.828091 0.431736 1 P 0
L -0.828091 0.431736 -0.823091 0.426736 1 P 0
L -0.823091 0.426736 -0.798091 0.426736 1 P 0
L -0.823091 0.426736 -0.828091 0.421736 1 P 0
L -0.828091 0.421736 -0.828091 0.411736 1 P 0
L -0.843091 0.436736 -0.848091 0.441736 1 P 0
L -0.848091 0.441736 -0.863091 0.441736 1 P 0
L -0.863091 0.441736 -0.868091 0.436736 1 P 0
L -0.868091 0.436736 -0.868091 0.431736 1 P 0
L -0.868091 0.431736 -0.863091 0.426736 1 P 0
L -0.863091 0.426736 -0.848091 0.426736 1 P 0
L -0.848091 0.426736 -0.843091 0.421736 1 P 0
L -0.843091 0.421736 -0.843091 0.411736 1 P 0
L -0.843091 0.411736 -0.868091 0.411736 1 P 0
L -0.888091 0.431736 -0.898091 0.441736 1 P 0
L -0.898091 0.441736 -0.898091 0.411736 1 P 0
L -0.748031 0.057087 -0.748031 0.068898 0 P 0
L -0.692913 0.057087 -0.692913 0.068898 0 P 0
L -0.700102 0.252638 -0.730102 0.252638 1 P 0
L -0.730102 0.252638 -0.730102 0.227638 1 P 0
L -0.730102 0.227638 -0.725102 0.222638 1 P 0
L -0.725102 0.222638 -0.720102 0.222638 1 P 0
L -0.720102 0.222638 -0.715102 0.227638 1 P 0
L -0.715102 0.227638 -0.715102 0.252638 1 P 0
L -0.715102 0.227638 -0.710102 0.222638 1 P 0
L -0.710102 0.222638 -0.700102 0.222638 1 P 0
L -0.720102 0.202638 -0.730102 0.192638 1 P 0
L -0.730102 0.192638 -0.700102 0.192638 1 P 0
L -0.715102 0.162638 -0.720102 0.167638 1 P 0
L -0.720102 0.167638 -0.725102 0.167638 1 P 0
L -0.725102 0.167638 -0.730102 0.162638 1 P 0
L -0.730102 0.162638 -0.730102 0.147638 1 P 0
L -0.730102 0.147638 -0.725102 0.142638 1 P 0
L -0.725102 0.142638 -0.720102 0.142638 1 P 0
L -0.720102 0.142638 -0.715102 0.147638 1 P 0
L -0.715102 0.147638 -0.715102 0.162638 1 P 0
L -0.715102 0.162638 -0.710102 0.167638 1 P 0
L -0.710102 0.167638 -0.705102 0.167638 1 P 0
L -0.705102 0.167638 -0.700102 0.162638 1 P 0
L -0.700102 0.162638 -0.700102 0.147638 1 P 0
L -0.700102 0.147638 -0.705102 0.142638 1 P 0
L -0.705102 0.142638 -0.710102 0.142638 1 P 0
L -0.710102 0.142638 -0.715102 0.147638 1 P 0
L -0.423228 1.023622 -0.435039 1.023622 0 P 0
L -0.423228 1.07874 -0.435039 1.07874 0 P 0
L -0.209315 1.048488 -0.209315 1.078488 1 P 0
L -0.209315 1.078488 -0.234315 1.078488 1 P 0
L -0.234315 1.078488 -0.239315 1.073488 1 P 0
L -0.239315 1.073488 -0.239315 1.068488 1 P 0
L -0.239315 1.068488 -0.234315 1.063488 1 P 0
L -0.234315 1.063488 -0.209315 1.063488 1 P 0
L -0.234315 1.063488 -0.239315 1.058488 1 P 0
L -0.239315 1.058488 -0.239315 1.048488 1 P 0
L -0.254315 1.073488 -0.259315 1.078488 1 P 0
L -0.259315 1.078488 -0.274315 1.078488 1 P 0
L -0.274315 1.078488 -0.279315 1.073488 1 P 0
L -0.279315 1.073488 -0.279315 1.068488 1 P 0
L -0.279315 1.068488 -0.274315 1.063488 1 P 0
L -0.274315 1.063488 -0.259315 1.063488 1 P 0
L -0.259315 1.063488 -0.254315 1.058488 1 P 0
L -0.254315 1.058488 -0.254315 1.048488 1 P 0
L -0.254315 1.048488 -0.279315 1.048488 1 P 0
L -0.289315 1.053488 -0.289315 1.073488 1 P 0
L -0.289315 1.073488 -0.294315 1.078488 1 P 0
L -0.294315 1.078488 -0.314315 1.078488 1 P 0
L -0.314315 1.078488 -0.319315 1.073488 1 P 0
L -0.319315 1.073488 -0.319315 1.053488 1 P 0
L -0.319315 1.053488 -0.314315 1.048488 1 P 0
L -0.314315 1.048488 -0.294315 1.048488 1 P 0
L -0.294315 1.048488 -0.289315 1.053488 1 P 0
L -0.289315 1.048488 -0.319315 1.078488 1 P 0
L -1.234252 0.240157 -1.246063 0.240157 0 P 0
L -1.234252 0.295276 -1.246063 0.295276 0 P 0
L -1.178535 0.300394 -1.178535 0.330394 1 P 0
L -1.178535 0.330394 -1.203535 0.330394 1 P 0
L -1.203535 0.330394 -1.208535 0.325394 1 P 0
L -1.208535 0.325394 -1.208535 0.320394 1 P 0
L -1.208535 0.320394 -1.203535 0.315394 1 P 0
L -1.203535 0.315394 -1.178535 0.315394 1 P 0
L -1.203535 0.315394 -1.208535 0.310394 1 P 0
L -1.208535 0.310394 -1.208535 0.300394 1 P 0
L -1.248535 0.320394 -1.243535 0.315394 1 P 0
L -1.243535 0.315394 -1.228535 0.315394 1 P 0
L -1.228535 0.315394 -1.223535 0.320394 1 P 0
L -1.223535 0.320394 -1.223535 0.325394 1 P 0
L -1.223535 0.325394 -1.228535 0.330394 1 P 0
L -1.228535 0.330394 -1.243535 0.330394 1 P 0
L -1.243535 0.330394 -1.248535 0.325394 1 P 0
L -1.248535 0.325394 -1.248535 0.305394 1 P 0
L -1.248535 0.305394 -1.243535 0.300394 1 P 0
L -1.243535 0.300394 -1.228535 0.300394 1 P 0
L -1.263535 0.330394 -1.288535 0.330394 1 P 0
L -1.288535 0.330394 -1.288535 0.325394 1 P 0
L -1.288535 0.325394 -1.263535 0.300394 1 P 0
L -0.856299 -0.645669 -0.86811 -0.645669 0 P 0
L -0.856299 -0.590551 -0.86811 -0.590551 0 P 0
L -0.821701 -0.753724 -0.821701 -0.723724 1 P 0
L -0.821701 -0.723724 -0.846701 -0.723724 1 P 0
L -0.846701 -0.723724 -0.851701 -0.728724 1 P 0
L -0.851701 -0.728724 -0.851701 -0.733724 1 P 0
L -0.851701 -0.733724 -0.846701 -0.738724 1 P 0
L -0.846701 -0.738724 -0.821701 -0.738724 1 P 0
L -0.846701 -0.738724 -0.851701 -0.743724 1 P 0
L -0.851701 -0.743724 -0.851701 -0.753724 1 P 0
L -0.866701 -0.728724 -0.871701 -0.723724 1 P 0
L -0.871701 -0.723724 -0.886701 -0.723724 1 P 0
L -0.886701 -0.723724 -0.891701 -0.728724 1 P 0
L -0.891701 -0.728724 -0.891701 -0.733724 1 P 0
L -0.891701 -0.733724 -0.886701 -0.738724 1 P 0
L -0.886701 -0.738724 -0.891701 -0.743724 1 P 0
L -0.891701 -0.743724 -0.891701 -0.748724 1 P 0
L -0.891701 -0.748724 -0.886701 -0.753724 1 P 0
L -0.886701 -0.753724 -0.871701 -0.753724 1 P 0
L -0.871701 -0.753724 -0.866701 -0.748724 1 P 0
L -0.876701 -0.738724 -0.886701 -0.738724 1 P 0
L -0.906701 -0.723724 -0.931701 -0.723724 1 P 0
L -0.931701 -0.723724 -0.931701 -0.728724 1 P 0
L -0.931701 -0.728724 -0.906701 -0.753724 1 P 0
L 1.005906 -0.535433 1.017717 -0.535433 0 P 0
L 1.005906 -0.590551 1.017717 -0.590551 0 P 0
L 1.05926 -0.505102 1.05926 -0.475102 1 P 0
L 1.05926 -0.475102 1.03426 -0.475102 1 P 0
L 1.03426 -0.475102 1.02926 -0.480102 1 P 0
L 1.02926 -0.480102 1.02926 -0.485102 1 P 0
L 1.02926 -0.485102 1.03426 -0.490102 1 P 0
L 1.03426 -0.490102 1.05926 -0.490102 1 P 0
L 1.03426 -0.490102 1.02926 -0.495102 1 P 0
L 1.02926 -0.495102 1.02926 -0.505102 1 P 0
L 1.01426 -0.480102 1.00926 -0.475102 1 P 0
L 1.00926 -0.475102 0.99426 -0.475102 1 P 0
L 0.99426 -0.475102 0.98926 -0.480102 1 P 0
L 0.98926 -0.480102 0.98926 -0.485102 1 P 0
L 0.98926 -0.485102 0.99426 -0.490102 1 P 0
L 0.99426 -0.490102 1.00926 -0.490102 1 P 0
L 1.00926 -0.490102 1.01426 -0.495102 1 P 0
L 1.01426 -0.495102 1.01426 -0.505102 1 P 0
L 1.01426 -0.505102 0.98926 -0.505102 1 P 0
L 0.07874 0.584646 0.07874 0.596457 0 P 0
L 0.133858 0.584646 0.133858 0.596457 0 P 0
L 0.185402 0.720213 0.155402 0.720213 1 P 0
L 0.155402 0.720213 0.155402 0.695213 1 P 0
L 0.155402 0.695213 0.160402 0.690213 1 P 0
L 0.160402 0.690213 0.165402 0.690213 1 P 0
L 0.165402 0.690213 0.170402 0.695213 1 P 0
L 0.170402 0.695213 0.170402 0.720213 1 P 0
L 0.170402 0.695213 0.175402 0.690213 1 P 0
L 0.175402 0.690213 0.185402 0.690213 1 P 0
L 0.160402 0.675213 0.155402 0.670213 1 P 0
L 0.155402 0.670213 0.155402 0.655213 1 P 0
L 0.155402 0.655213 0.160402 0.650213 1 P 0
L 0.160402 0.650213 0.165402 0.650213 1 P 0
L 0.165402 0.650213 0.170402 0.655213 1 P 0
L 0.170402 0.655213 0.175402 0.650213 1 P 0
L 0.175402 0.650213 0.180402 0.650213 1 P 0
L 0.180402 0.650213 0.185402 0.655213 1 P 0
L 0.185402 0.655213 0.185402 0.670213 1 P 0
L 0.185402 0.670213 0.180402 0.675213 1 P 0
L 0.170402 0.665213 0.170402 0.655213 1 P 0
L 0.165402 0.630213 0.155402 0.620213 1 P 0
L 0.155402 0.620213 0.185402 0.620213 1 P 0
L -1.246063 -0.204724 -1.234252 -0.204724 0 P 0
L -1.246063 -0.259843 -1.234252 -0.259843 0 P 0
L -0.975541 -0.279528 -0.975541 -0.249528 1 P 0
L -0.975541 -0.249528 -1.000541 -0.249528 1 P 0
L -1.000541 -0.249528 -1.005541 -0.254528 1 P 0
L -1.005541 -0.254528 -1.005541 -0.259528 1 P 0
L -1.005541 -0.259528 -1.000541 -0.264528 1 P 0
L -1.000541 -0.264528 -0.975541 -0.264528 1 P 0
L -1.000541 -0.264528 -1.005541 -0.269528 1 P 0
L -1.005541 -0.269528 -1.005541 -0.279528 1 P 0
L -1.025541 -0.259528 -1.035541 -0.249528 1 P 0
L -1.035541 -0.249528 -1.035541 -0.279528 1 P 0
L -1.065541 -0.259528 -1.075541 -0.249528 1 P 0
L -1.075541 -0.249528 -1.075541 -0.279528 1 P 0
L -1.105541 -0.259528 -1.115541 -0.249528 1 P 0
L -1.115541 -0.249528 -1.115541 -0.279528 1 P 0
L -0.555819 1.102213 -0.555819 0.944732 1 P 0
L -0.477079 1.023472 -0.634559 1.023472 1 P 0
L -0.896126 1.060376 -0.896126 1.030376 1 P 0
L -0.896126 1.030376 -0.926126 1.030376 1 P 0
L -0.936126 1.035376 -0.941126 1.030376 1 P 0
L -0.941126 1.030376 -0.961126 1.030376 1 P 0
L -0.961126 1.030376 -0.966126 1.035376 1 P 0
L -0.966126 1.035376 -0.966126 1.040376 1 P 0
L -0.966126 1.040376 -0.961126 1.045376 1 P 0
L -0.961126 1.045376 -0.941126 1.045376 1 P 0
L -0.941126 1.045376 -0.936126 1.050376 1 P 0
L -0.936126 1.050376 -0.936126 1.055376 1 P 0
L -0.936126 1.055376 -0.941126 1.060376 1 P 0
L -0.941126 1.060376 -0.961126 1.060376 1 P 0
L -0.961126 1.060376 -0.966126 1.055376 1 P 0
L -0.986126 1.050376 -0.996126 1.060376 1 P 0
L -0.996126 1.060376 -0.996126 1.030376 1 P 0
L -0.28152 1.038882 -0.28152 1.003882 1 P 0
L -0.32552 0.996882 -0.32552 0.968882 1 P 0
L -0.28152 1.038882 -0.31752 1.038882 1 P 0
L -0.31852 0.924882 -0.28152 0.924882 1 P 0
L -0.28152 0.924882 -0.28152 0.958882 1 P 0
L -0.361673 0.984661 -0.371673 0.994661 1 P 0
L -0.371673 0.994661 -0.381673 0.994661 1 P 0
L -0.381673 0.994661 -0.391673 0.984661 1 P 0
L -0.391673 0.984661 -0.391673 0.974661 1 P 0
L -0.391673 0.974661 -0.381673 0.964661 1 P 0
L -0.381673 0.964661 -0.371673 0.964661 1 P 0
L -0.371673 0.964661 -0.361673 0.974661 1 P 0
L -0.361673 0.974661 -0.361673 0.984661 1 P 0
L -0.381673 0.974661 -0.391673 0.964661 1 P 0
L -0.406673 0.989661 -0.411673 0.994661 1 P 0
L -0.411673 0.994661 -0.426673 0.994661 1 P 0
L -0.426673 0.994661 -0.431673 0.989661 1 P 0
L -0.431673 0.989661 -0.431673 0.984661 1 P 0
L -0.431673 0.984661 -0.426673 0.979661 1 P 0
L -0.426673 0.979661 -0.411673 0.979661 1 P 0
L -0.411673 0.979661 -0.406673 0.974661 1 P 0
L -0.406673 0.974661 -0.406673 0.964661 1 P 0
L -0.406673 0.964661 -0.431673 0.964661 1 P 0
L -0.653543 0.242126 -0.653543 0.230315 0 P 0
L -0.708661 0.242126 -0.708661 0.230315 0 P 0
L -0.620047 0.392583 -0.650047 0.392583 1 P 0
L -0.650047 0.392583 -0.650047 0.367583 1 P 0
L -0.650047 0.367583 -0.645047 0.362583 1 P 0
L -0.645047 0.362583 -0.640047 0.362583 1 P 0
L -0.640047 0.362583 -0.635047 0.367583 1 P 0
L -0.635047 0.367583 -0.635047 0.392583 1 P 0
L -0.635047 0.367583 -0.630047 0.362583 1 P 0
L -0.630047 0.362583 -0.620047 0.362583 1 P 0
L -0.645047 0.347583 -0.650047 0.342583 1 P 0
L -0.650047 0.342583 -0.650047 0.327583 1 P 0
L -0.650047 0.327583 -0.645047 0.322583 1 P 0
L -0.645047 0.322583 -0.640047 0.322583 1 P 0
L -0.640047 0.322583 -0.635047 0.327583 1 P 0
L -0.635047 0.327583 -0.635047 0.342583 1 P 0
L -0.635047 0.342583 -0.630047 0.347583 1 P 0
L -0.630047 0.347583 -0.620047 0.347583 1 P 0
L -0.620047 0.347583 -0.620047 0.322583 1 P 0
L -0.650047 0.282583 -0.650047 0.307583 1 P 0
L -0.650047 0.307583 -0.640047 0.307583 1 P 0
L -0.640047 0.307583 -0.640047 0.287583 1 P 0
L -0.640047 0.287583 -0.635047 0.282583 1 P 0
L -0.635047 0.282583 -0.625047 0.282583 1 P 0
L -0.625047 0.282583 -0.620047 0.287583 1 P 0
L -0.620047 0.287583 -0.620047 0.302583 1 P 0
L -0.620047 0.302583 -0.625047 0.307583 1 P 0
L 1.034811 -0.822717 1.034811 -0.795717 1 P 0
L 0.986811 -0.822717 0.986811 -0.794717 1 P 0
L 1.098102 -0.769378 1.103102 -0.764378 1 P 0
L 1.103102 -0.764378 1.103102 -0.749378 1 P 0
L 1.103102 -0.749378 1.093102 -0.739378 1 P 0
L 1.093102 -0.739378 1.083102 -0.739378 1 P 0
L 1.083102 -0.739378 1.073102 -0.749378 1 P 0
L 1.073102 -0.749378 1.073102 -0.764378 1 P 0
L 1.073102 -0.764378 1.078102 -0.769378 1 P 0
L 1.083102 -0.789378 1.073102 -0.799378 1 P 0
L 1.073102 -0.799378 1.103102 -0.799378 1 P 0
L 1.078102 -0.824378 1.073102 -0.829378 1 P 0
L 1.073102 -0.829378 1.073102 -0.844378 1 P 0
L 1.073102 -0.844378 1.078102 -0.849378 1 P 0
L 1.078102 -0.849378 1.083102 -0.849378 1 P 0
L 1.083102 -0.849378 1.088102 -0.844378 1 P 0
L 1.088102 -0.844378 1.093102 -0.849378 1 P 0
L 1.093102 -0.849378 1.098102 -0.849378 1 P 0
L 1.098102 -0.849378 1.103102 -0.844378 1 P 0
L 1.103102 -0.844378 1.103102 -0.829378 1 P 0
L 1.103102 -0.829378 1.098102 -0.824378 1 P 0
L 1.088102 -0.834378 1.088102 -0.844378 1 P 0
L -0.31878 0.520307 -0.29178 0.520307 1 P 0
L -0.31878 0.568307 -0.29078 0.568307 1 P 0
L -0.275717 0.6 -0.270717 0.595 1 P 0
L -0.270717 0.595 -0.255717 0.595 1 P 0
L -0.255717 0.595 -0.245717 0.605 1 P 0
L -0.245717 0.605 -0.245717 0.615 1 P 0
L -0.245717 0.615 -0.255717 0.625 1 P 0
L -0.255717 0.625 -0.270717 0.625 1 P 0
L -0.270717 0.625 -0.275717 0.62 1 P 0
L -0.290717 0.62 -0.295717 0.625 1 P 0
L -0.295717 0.625 -0.310717 0.625 1 P 0
L -0.310717 0.625 -0.315717 0.62 1 P 0
L -0.315717 0.62 -0.315717 0.615 1 P 0
L -0.315717 0.615 -0.310717 0.61 1 P 0
L -0.310717 0.61 -0.315717 0.605 1 P 0
L -0.315717 0.605 -0.315717 0.6 1 P 0
L -0.315717 0.6 -0.310717 0.595 1 P 0
L -0.310717 0.595 -0.295717 0.595 1 P 0
L -0.295717 0.595 -0.290717 0.6 1 P 0
L -0.300717 0.61 -0.310717 0.61 1 P 0
L -0.355717 0.605 -0.325717 0.605 1 P 0
L -0.325717 0.605 -0.345717 0.625 1 P 0
L -0.345717 0.625 -0.345717 0.595 1 P 0
L -2.017189 0.68048 -2.044189 0.68048 1 P 0
L -2.017189 0.63248 -2.045189 0.63248 1 P 0
L -2.143984 0.649055 -2.138984 0.644055 1 P 0
L -2.138984 0.644055 -2.123984 0.644055 1 P 0
L -2.123984 0.644055 -2.113984 0.654055 1 P 0
L -2.113984 0.654055 -2.113984 0.664055 1 P 0
L -2.113984 0.664055 -2.123984 0.674055 1 P 0
L -2.123984 0.674055 -2.138984 0.674055 1 P 0
L -2.138984 0.674055 -2.143984 0.669055 1 P 0
L -2.158984 0.669055 -2.163984 0.674055 1 P 0
L -2.163984 0.674055 -2.178984 0.674055 1 P 0
L -2.178984 0.674055 -2.183984 0.669055 1 P 0
L -2.183984 0.669055 -2.183984 0.664055 1 P 0
L -2.183984 0.664055 -2.178984 0.659055 1 P 0
L -2.178984 0.659055 -2.163984 0.659055 1 P 0
L -2.163984 0.659055 -2.158984 0.654055 1 P 0
L -2.158984 0.654055 -2.158984 0.644055 1 P 0
L -2.158984 0.644055 -2.183984 0.644055 1 P 0
L 1.542685 -0.604858 1.542685 -0.577858 1 P 0
L 1.494685 -0.604858 1.494685 -0.576858 1 P 0
L 1.442559 -0.566173 1.447559 -0.561173 1 P 0
L 1.447559 -0.561173 1.447559 -0.546173 1 P 0
L 1.447559 -0.546173 1.437559 -0.536173 1 P 0
L 1.437559 -0.536173 1.427559 -0.536173 1 P 0
L 1.427559 -0.536173 1.417559 -0.546173 1 P 0
L 1.417559 -0.546173 1.417559 -0.561173 1 P 0
L 1.417559 -0.561173 1.422559 -0.566173 1 P 0
L 1.422559 -0.581173 1.417559 -0.586173 1 P 0
L 1.417559 -0.586173 1.417559 -0.601173 1 P 0
L 1.417559 -0.601173 1.422559 -0.606173 1 P 0
L 1.422559 -0.606173 1.427559 -0.606173 1 P 0
L 1.427559 -0.606173 1.432559 -0.601173 1 P 0
L 1.432559 -0.601173 1.437559 -0.606173 1 P 0
L 1.437559 -0.606173 1.442559 -0.606173 1 P 0
L 1.442559 -0.606173 1.447559 -0.601173 1 P 0
L 1.447559 -0.601173 1.447559 -0.586173 1 P 0
L 1.447559 -0.586173 1.442559 -0.581173 1 P 0
L 1.432559 -0.591173 1.432559 -0.601173 1 P 0
L -0.252559 0.955347 -0.227559 0.955347 1 P 0
L -0.227559 0.955347 -0.222559 0.950347 1 P 0
L -0.222559 0.950347 -0.222559 0.930347 1 P 0
L -0.222559 0.930347 -0.227559 0.925347 1 P 0
L -0.227559 0.925347 -0.252559 0.925347 1 P 0
L -0.247559 0.910347 -0.252559 0.905347 1 P 0
L -0.252559 0.905347 -0.252559 0.890347 1 P 0
L -0.252559 0.890347 -0.247559 0.885347 1 P 0
L -0.247559 0.885347 -0.242559 0.885347 1 P 0
L -0.242559 0.885347 -0.237559 0.890347 1 P 0
L -0.237559 0.890347 -0.232559 0.885347 1 P 0
L -0.232559 0.885347 -0.227559 0.885347 1 P 0
L -0.227559 0.885347 -0.222559 0.890347 1 P 0
L -0.222559 0.890347 -0.222559 0.905347 1 P 0
L -0.222559 0.905347 -0.227559 0.910347 1 P 0
L -0.237559 0.900347 -0.237559 0.890347 1 P 0
L -0.227559 0.875347 -0.247559 0.875347 1 P 0
L -0.247559 0.875347 -0.252559 0.870347 1 P 0
L -0.252559 0.870347 -0.252559 0.850347 1 P 0
L -0.252559 0.850347 -0.247559 0.845347 1 P 0
L -0.247559 0.845347 -0.227559 0.845347 1 P 0
L -0.227559 0.845347 -0.222559 0.850347 1 P 0
L -0.222559 0.850347 -0.222559 0.870347 1 P 0
L -0.222559 0.870347 -0.227559 0.875347 1 P 0
L -0.222559 0.875347 -0.252559 0.845347 1 P 0
L -0.66726 -0.226287 -0.66726 -0.246287 1 P 0
L -0.66726 -0.236287 -0.63726 -0.236287 1 P 0
L -0.63726 -0.226287 -0.63726 -0.246287 1 P 0
L -0.64226 -0.291287 -0.63726 -0.286287 1 P 0
L -0.63726 -0.286287 -0.63726 -0.271287 1 P 0
L -0.63726 -0.271287 -0.64726 -0.261287 1 P 0
L -0.64726 -0.261287 -0.65726 -0.261287 1 P 0
L -0.65726 -0.261287 -0.66726 -0.271287 1 P 0
L -0.66726 -0.271287 -0.66726 -0.286287 1 P 0
L -0.66726 -0.286287 -0.66226 -0.291287 1 P 0
L -0.64226 -0.301287 -0.63726 -0.306287 1 P 0
L -0.63726 -0.306287 -0.63726 -0.326287 1 P 0
L -0.63726 -0.326287 -0.64226 -0.331287 1 P 0
L -0.64226 -0.331287 -0.64726 -0.331287 1 P 0
L -0.64726 -0.331287 -0.65226 -0.326287 1 P 0
L -0.65226 -0.326287 -0.65226 -0.306287 1 P 0
L -0.65226 -0.306287 -0.65726 -0.301287 1 P 0
L -0.65726 -0.301287 -0.66226 -0.301287 1 P 0
L -0.66226 -0.301287 -0.66726 -0.306287 1 P 0
L -0.66726 -0.306287 -0.66726 -0.326287 1 P 0
L -0.66726 -0.326287 -0.66226 -0.331287 1 P 0
L -0.63726 -0.341287 -0.66726 -0.341287 1 P 0
L -0.66726 -0.341287 -0.66726 -0.366287 1 P 0
L -0.66726 -0.366287 -0.66226 -0.371287 1 P 0
L -0.66226 -0.371287 -0.65726 -0.371287 1 P 0
L -0.65726 -0.371287 -0.65226 -0.366287 1 P 0
L -0.65226 -0.366287 -0.65226 -0.341287 1 P 0
L 0.96063 0.269685 0.84252 0.269685 0 P 0
L 0.96063 0.478346 0.84252 0.478346 0 P 0
L 0.999756 0.514409 0.999756 0.544409 1 P 0
L 0.999756 0.544409 0.969756 0.544409 1 P 0
L 0.999756 0.529409 0.979756 0.529409 1 P 0
L 0.949756 0.534409 0.939756 0.544409 1 P 0
L 0.939756 0.544409 0.939756 0.514409 1 P 0
L 0 0.584646 0 0.596457 0 P 0
L 0.055118 0.584646 0.055118 0.596457 0 P 0
L 0.048606 0.939079 0.018606 0.939079 1 P 0
L 0.018606 0.939079 0.018606 0.914079 1 P 0
L 0.018606 0.914079 0.023606 0.909079 1 P 0
L 0.023606 0.909079 0.028606 0.909079 1 P 0
L 0.028606 0.909079 0.033606 0.914079 1 P 0
L 0.033606 0.914079 0.033606 0.939079 1 P 0
L 0.033606 0.914079 0.038606 0.909079 1 P 0
L 0.038606 0.909079 0.048606 0.909079 1 P 0
L 0.023606 0.894079 0.018606 0.889079 1 P 0
L 0.018606 0.889079 0.018606 0.874079 1 P 0
L 0.018606 0.874079 0.023606 0.869079 1 P 0
L 0.023606 0.869079 0.028606 0.869079 1 P 0
L 0.028606 0.869079 0.033606 0.874079 1 P 0
L 0.033606 0.874079 0.038606 0.869079 1 P 0
L 0.038606 0.869079 0.043606 0.869079 1 P 0
L 0.043606 0.869079 0.048606 0.874079 1 P 0
L 0.048606 0.874079 0.048606 0.889079 1 P 0
L 0.048606 0.889079 0.043606 0.894079 1 P 0
L 0.033606 0.884079 0.033606 0.874079 1 P 0
L 0.043606 0.859079 0.023606 0.859079 1 P 0
L 0.023606 0.859079 0.018606 0.854079 1 P 0
L 0.018606 0.854079 0.018606 0.834079 1 P 0
L 0.018606 0.834079 0.023606 0.829079 1 P 0
L 0.023606 0.829079 0.043606 0.829079 1 P 0
L 0.043606 0.829079 0.048606 0.834079 1 P 0
L 0.048606 0.834079 0.048606 0.854079 1 P 0
L 0.048606 0.854079 0.043606 0.859079 1 P 0
L 0.048606 0.859079 0.018606 0.829079 1 P 0
L -0.762205 -0.057874 -0.762205 0.242126 1 P 0
L -0.762205 0.242126 -0.812205 0.292126 1 P 0
L -0.812205 0.292126 -0.912205 0.292126 1 P 0
L -0.912205 0.292126 -0.962205 0.242126 1 P 0
L -0.962205 0.242126 -0.962205 -0.057874 1 P 0
L -0.962205 -0.057874 -0.912205 -0.107874 1 P 0
L -0.912205 -0.107874 -0.812205 -0.107874 1 P 0
L -0.812205 -0.107874 -0.762205 -0.057874 1 P 0
L -0.869189 0.391969 -0.839189 0.361969 1 P 0
L -0.839189 0.391969 -0.869189 0.361969 1 P 0
L -0.859189 0.341969 -0.869189 0.331969 1 P 0
L -0.869189 0.331969 -0.839189 0.331969 1 P 0
L 0.31152 0.998685 0.31152 0.893685 1 P 0
L 0.37352 0.998685 0.37352 0.892685 1 P 0
L 0.31152 0.915685 0.37252 0.915685 1 P 0
L 0.419189 0.985685 0.389189 0.985685 1 P 0
L 0.389189 0.985685 0.389189 0.965685 1 P 0
L 0.389189 0.965685 0.399189 0.955685 1 P 0
L 0.399189 0.955685 0.409189 0.955685 1 P 0
L 0.409189 0.955685 0.419189 0.965685 1 P 0
L 0.419189 0.965685 0.419189 0.985685 1 P 0
L 0.389189 0.940685 0.389189 0.915685 1 P 0
L 0.389189 0.915685 0.394189 0.915685 1 P 0
L 0.394189 0.915685 0.419189 0.940685 1 P 0
L 0.20522 0.998685 0.20522 0.893685 1 P 0
L 0.26722 0.998685 0.26722 0.892685 1 P 0
L 0.20522 0.915685 0.26622 0.915685 1 P 0
L 0.18778 1.013496 0.15778 1.013496 1 P 0
L 0.15778 1.013496 0.15778 0.993496 1 P 0
L 0.15778 0.993496 0.16778 0.983496 1 P 0
L 0.16778 0.983496 0.17778 0.983496 1 P 0
L 0.17778 0.983496 0.18778 0.993496 1 P 0
L 0.18778 0.993496 0.18778 1.013496 1 P 0
L 0.16778 0.963496 0.15778 0.953496 1 P 0
L 0.15778 0.953496 0.18778 0.953496 1 P 0
L 0.16778 0.923496 0.15778 0.913496 1 P 0
L 0.15778 0.913496 0.18778 0.913496 1 P 0
L 0.314961 0.761811 0.314961 0.773622 0 P 0
L 0.370079 0.761811 0.370079 0.773622 0 P 0
L 0.414669 0.831474 0.384669 0.831474 1 P 0
L 0.384669 0.831474 0.384669 0.806474 1 P 0
L 0.384669 0.806474 0.389669 0.801474 1 P 0
L 0.389669 0.801474 0.394669 0.801474 1 P 0
L 0.394669 0.801474 0.399669 0.806474 1 P 0
L 0.399669 0.806474 0.399669 0.831474 1 P 0
L 0.399669 0.806474 0.404669 0.801474 1 P 0
L 0.404669 0.801474 0.414669 0.801474 1 P 0
L 0.389669 0.786474 0.384669 0.781474 1 P 0
L 0.384669 0.781474 0.384669 0.766474 1 P 0
L 0.384669 0.766474 0.389669 0.761474 1 P 0
L 0.389669 0.761474 0.394669 0.761474 1 P 0
L 0.394669 0.761474 0.399669 0.766474 1 P 0
L 0.399669 0.766474 0.399669 0.781474 1 P 0
L 0.399669 0.781474 0.404669 0.786474 1 P 0
L 0.404669 0.786474 0.414669 0.786474 1 P 0
L 0.414669 0.786474 0.414669 0.761474 1 P 0
L 0.389669 0.721474 0.384669 0.726474 1 P 0
L 0.384669 0.726474 0.384669 0.741474 1 P 0
L 0.384669 0.741474 0.389669 0.746474 1 P 0
L 0.389669 0.746474 0.409669 0.746474 1 P 0
L 0.409669 0.746474 0.414669 0.741474 1 P 0
L 0.414669 0.741474 0.414669 0.726474 1 P 0
L 0.414669 0.726474 0.409669 0.721474 1 P 0
L 0.409669 0.721474 0.404669 0.721474 1 P 0
L 0.404669 0.721474 0.399669 0.726474 1 P 0
L 0.399669 0.726474 0.399669 0.746474 1 P 0
L 0.208661 0.761811 0.208661 0.773622 0 P 0
L 0.26378 0.761811 0.26378 0.773622 0 P 0
L 0.307937 0.828858 0.277937 0.828858 1 P 0
L 0.277937 0.828858 0.277937 0.803858 1 P 0
L 0.277937 0.803858 0.282937 0.798858 1 P 0
L 0.282937 0.798858 0.287937 0.798858 1 P 0
L 0.287937 0.798858 0.292937 0.803858 1 P 0
L 0.292937 0.803858 0.292937 0.828858 1 P 0
L 0.292937 0.803858 0.297937 0.798858 1 P 0
L 0.297937 0.798858 0.307937 0.798858 1 P 0
L 0.282937 0.783858 0.277937 0.778858 1 P 0
L 0.277937 0.778858 0.277937 0.763858 1 P 0
L 0.277937 0.763858 0.282937 0.758858 1 P 0
L 0.282937 0.758858 0.287937 0.758858 1 P 0
L 0.287937 0.758858 0.292937 0.763858 1 P 0
L 0.292937 0.763858 0.292937 0.778858 1 P 0
L 0.292937 0.778858 0.297937 0.783858 1 P 0
L 0.297937 0.783858 0.307937 0.783858 1 P 0
L 0.307937 0.783858 0.307937 0.758858 1 P 0
L 0.287937 0.718858 0.292937 0.723858 1 P 0
L 0.292937 0.723858 0.292937 0.738858 1 P 0
L 0.292937 0.738858 0.287937 0.743858 1 P 0
L 0.287937 0.743858 0.282937 0.743858 1 P 0
L 0.282937 0.743858 0.277937 0.738858 1 P 0
L 0.277937 0.738858 0.277937 0.723858 1 P 0
L 0.277937 0.723858 0.282937 0.718858 1 P 0
L 0.282937 0.718858 0.302937 0.718858 1 P 0
L 0.302937 0.718858 0.307937 0.723858 1 P 0
L 0.307937 0.723858 0.307937 0.738858 1 P 0
L -1.042685 0.014307 -1.042685 -0.012693 1 P 0
L -0.994685 0.014307 -0.994685 -0.013693 1 P 0
L -1.007709 -0.104976 -1.002709 -0.099976 1 P 0
L -1.002709 -0.099976 -1.002709 -0.084976 1 P 0
L -1.002709 -0.084976 -1.012709 -0.074976 1 P 0
L -1.012709 -0.074976 -1.022709 -0.074976 1 P 0
L -1.022709 -0.074976 -1.032709 -0.084976 1 P 0
L -1.032709 -0.084976 -1.032709 -0.099976 1 P 0
L -1.032709 -0.099976 -1.027709 -0.104976 1 P 0
L -1.032709 -0.119976 -1.032709 -0.144976 1 P 0
L -1.032709 -0.144976 -1.027709 -0.144976 1 P 0
L -1.027709 -0.144976 -1.002709 -0.119976 1 P 0
L -0.996685 0.137913 -0.996685 0.164913 1 P 0
L -1.044685 0.137913 -1.044685 0.165913 1 P 0
L -1.005575 0.292693 -1.000575 0.297693 1 P 0
L -1.000575 0.297693 -1.000575 0.312693 1 P 0
L -1.000575 0.312693 -1.010575 0.322693 1 P 0
L -1.010575 0.322693 -1.020575 0.322693 1 P 0
L -1.020575 0.322693 -1.030575 0.312693 1 P 0
L -1.030575 0.312693 -1.030575 0.297693 1 P 0
L -1.030575 0.297693 -1.025575 0.292693 1 P 0
L -1.015575 0.272693 -1.020575 0.277693 1 P 0
L -1.020575 0.277693 -1.025575 0.277693 1 P 0
L -1.025575 0.277693 -1.030575 0.272693 1 P 0
L -1.030575 0.272693 -1.030575 0.257693 1 P 0
L -1.030575 0.257693 -1.025575 0.252693 1 P 0
L -1.025575 0.252693 -1.020575 0.252693 1 P 0
L -1.020575 0.252693 -1.015575 0.257693 1 P 0
L -1.015575 0.257693 -1.015575 0.272693 1 P 0
L -1.015575 0.272693 -1.010575 0.277693 1 P 0
L -1.010575 0.277693 -1.005575 0.277693 1 P 0
L -1.005575 0.277693 -1.000575 0.272693 1 P 0
L -1.000575 0.272693 -1.000575 0.257693 1 P 0
L -1.000575 0.257693 -1.005575 0.252693 1 P 0
L -1.005575 0.252693 -1.010575 0.252693 1 P 0
L -1.010575 0.252693 -1.015575 0.257693 1 P 0
L 1.279528 -0.898622 1.279528 -0.925197 0 P 0
L 1.279528 -0.925197 1.57874 -0.925197 0 P 0
L 1.57874 -0.925197 1.57874 -0.898622 0 P 0
L 1.279528 -0.770669 1.279528 -0.744094 0 P 0
L 1.279528 -0.744094 1.57874 -0.744094 0 P 0
L 1.57874 -0.744094 1.57874 -0.770669 0 P 0
L 1.547602 -0.954589 1.552602 -0.959589 1 P 0
L 1.552602 -0.959589 1.567602 -0.959589 1 P 0
L 1.567602 -0.959589 1.577602 -0.949589 1 P 0
L 1.577602 -0.949589 1.577602 -0.939589 1 P 0
L 1.577602 -0.939589 1.567602 -0.929589 1 P 0
L 1.567602 -0.929589 1.552602 -0.929589 1 P 0
L 1.552602 -0.929589 1.547602 -0.934589 1 P 0
L 1.527602 -0.939589 1.517602 -0.929589 1 P 0
L 1.517602 -0.929589 1.517602 -0.959589 1 P 0
L 1.467602 -0.929589 1.492602 -0.929589 1 P 0
L 1.492602 -0.929589 1.492602 -0.939589 1 P 0
L 1.492602 -0.939589 1.472602 -0.939589 1 P 0
L 1.472602 -0.939589 1.467602 -0.944589 1 P 0
L 1.467602 -0.944589 1.467602 -0.954589 1 P 0
L 1.467602 -0.954589 1.472602 -0.959589 1 P 0
L 1.472602 -0.959589 1.487602 -0.959589 1 P 0
L 1.487602 -0.959589 1.492602 -0.954589 1 P 0
L -0.528701 -0.10126 -0.528701 0.414488 0 P 0
L -0.528701 0.414488 -0.012953 0.414488 0 P 0
L -0.012953 0.414488 -0.012953 -0.10126 0 P 0
L -0.012953 -0.10126 -0.528701 -0.10126 0 P 0
L -0.729764 -0.014692 -0.704764 -0.014692 1 P 0
L -0.704764 -0.014692 -0.699764 -0.019692 1 P 0
L -0.699764 -0.019692 -0.699764 -0.039692 1 P 0
L -0.699764 -0.039692 -0.704764 -0.044692 1 P 0
L -0.704764 -0.044692 -0.729764 -0.044692 1 P 0
L -0.719764 -0.064692 -0.729764 -0.074692 1 P 0
L -0.729764 -0.074692 -0.699764 -0.074692 1 P 0
L -0.709764 -0.124692 -0.709764 -0.094692 1 P 0
L -0.709764 -0.094692 -0.729764 -0.114692 1 P 0
L -0.729764 -0.114692 -0.699764 -0.114692 1 P 0
L -0.779528 0.619094 -0.779528 0.645669 0 P 0
L -0.779528 0.645669 -1.07874 0.645669 0 P 0
L -1.07874 0.645669 -1.07874 0.619094 0 P 0
L -0.779528 0.491142 -0.779528 0.464567 0 P 0
L -0.779528 0.464567 -1.07874 0.464567 0 P 0
L -1.07874 0.464567 -1.07874 0.491142 0 P 0
L -0.884862 0.665669 -0.879862 0.660669 1 P 0
L -0.879862 0.660669 -0.864862 0.660669 1 P 0
L -0.864862 0.660669 -0.854862 0.670669 1 P 0
L -0.854862 0.670669 -0.854862 0.680669 1 P 0
L -0.854862 0.680669 -0.864862 0.690669 1 P 0
L -0.864862 0.690669 -0.879862 0.690669 1 P 0
L -0.879862 0.690669 -0.884862 0.685669 1 P 0
L -0.904862 0.680669 -0.914862 0.690669 1 P 0
L -0.914862 0.690669 -0.914862 0.660669 1 P 0
L -0.939862 0.690669 -0.964862 0.690669 1 P 0
L -0.964862 0.690669 -0.964862 0.685669 1 P 0
L -0.964862 0.685669 -0.939862 0.660669 1 P 0
L 0.204102 -0.163913 0.204102 -0.136913 1 P 0
L 0.156102 -0.163913 0.156102 -0.135913 1 P 0
L 0.118791 -0.11298 0.123791 -0.10798 1 P 0
L 0.123791 -0.10798 0.123791 -0.09298 1 P 0
L 0.123791 -0.09298 0.113791 -0.08298 1 P 0
L 0.113791 -0.08298 0.103791 -0.08298 1 P 0
L 0.103791 -0.08298 0.093791 -0.09298 1 P 0
L 0.093791 -0.09298 0.093791 -0.10798 1 P 0
L 0.093791 -0.10798 0.098791 -0.11298 1 P 0
L 0.103791 -0.13298 0.093791 -0.14298 1 P 0
L 0.093791 -0.14298 0.123791 -0.14298 1 P 0
L 0.108791 -0.17298 0.103791 -0.16798 1 P 0
L 0.103791 -0.16798 0.098791 -0.16798 1 P 0
L 0.098791 -0.16798 0.093791 -0.17298 1 P 0
L 0.093791 -0.17298 0.093791 -0.18798 1 P 0
L 0.093791 -0.18798 0.098791 -0.19298 1 P 0
L 0.098791 -0.19298 0.103791 -0.19298 1 P 0
L 0.103791 -0.19298 0.108791 -0.18798 1 P 0
L 0.108791 -0.18798 0.108791 -0.17298 1 P 0
L 0.108791 -0.17298 0.113791 -0.16798 1 P 0
L 0.113791 -0.16798 0.118791 -0.16798 1 P 0
L 0.118791 -0.16798 0.123791 -0.17298 1 P 0
L 0.123791 -0.17298 0.123791 -0.18798 1 P 0
L 0.123791 -0.18798 0.118791 -0.19298 1 P 0
L 0.118791 -0.19298 0.113791 -0.19298 1 P 0
L 0.113791 -0.19298 0.108791 -0.18798 1 P 0
L 0.865197 -0.786213 0.775197 -0.786213 1 P 0
L 0.775197 -0.786213 0.772882 -0.798019 1 P 0
L 0.772882 -0.798019 0.766525 -0.807541 1 P 0
L 0.766525 -0.807541 0.757004 -0.813898 1 P 0
L 0.757004 -0.813898 0.745197 -0.816213 1 P 0
L 0.715197 -0.786213 0.717511 -0.798019 1 P 0
L 0.717511 -0.798019 0.723869 -0.807541 1 P 0
L 0.723869 -0.807541 0.73339 -0.813898 1 P 0
L 0.73339 -0.813898 0.745197 -0.816213 1 P 0
L 0.715197 -0.786213 0.625197 -0.786213 1 P 0
L 0.835197 -1.162213 0.655197 -1.162213 1 P 0
L 0.865197 -0.799213 0.865197 -1.149213 1 P 0
L 0.625197 -0.799213 0.625197 -1.149213 1 P 0
L 0.865197 -0.799213 0.865197 -0.786213 1 P 0
L 0.625197 -0.786213 0.625197 -0.799213 1 P 0
L 0.655197 -1.162213 0.625197 -1.162213 1 P 0
L 0.625197 -1.162213 0.625197 -1.149213 1 P 0
L 0.865197 -1.149213 0.865197 -1.162213 1 P 0
L 0.865197 -1.162213 0.835197 -1.162213 1 P 0
L 1.002047 -1.195709 1.002047 -1.220709 1 P 0
L 1.002047 -1.220709 0.997047 -1.225709 1 P 0
L 0.997047 -1.225709 0.977047 -1.225709 1 P 0
L 0.977047 -1.225709 0.972047 -1.220709 1 P 0
L 0.972047 -1.220709 0.972047 -1.195709 1 P 0
L 0.952047 -1.205709 0.942047 -1.195709 1 P 0
L 0.942047 -1.195709 0.942047 -1.225709 1 P 0
L 0.912047 -1.210709 0.917047 -1.205709 1 P 0
L 0.917047 -1.205709 0.917047 -1.200709 1 P 0
L 0.917047 -1.200709 0.912047 -1.195709 1 P 0
L 0.912047 -1.195709 0.897047 -1.195709 1 P 0
L 0.897047 -1.195709 0.892047 -1.200709 1 P 0
L 0.892047 -1.200709 0.892047 -1.205709 1 P 0
L 0.892047 -1.205709 0.897047 -1.210709 1 P 0
L 0.897047 -1.210709 0.912047 -1.210709 1 P 0
L 0.912047 -1.210709 0.917047 -1.215709 1 P 0
L 0.917047 -1.215709 0.917047 -1.220709 1 P 0
L 0.917047 -1.220709 0.912047 -1.225709 1 P 0
L 0.912047 -1.225709 0.897047 -1.225709 1 P 0
L 0.897047 -1.225709 0.892047 -1.220709 1 P 0
L 0.892047 -1.220709 0.892047 -1.215709 1 P 0
L 0.892047 -1.215709 0.897047 -1.210709 1 P 0
L -0.212717 -0.31952 -0.239717 -0.31952 1 P 0
L -0.212717 -0.36752 -0.240717 -0.36752 1 P 0
L -0.161385 -0.285408 -0.156385 -0.290408 1 P 0
L -0.156385 -0.290408 -0.141385 -0.290408 1 P 0
L -0.141385 -0.290408 -0.131385 -0.280408 1 P 0
L -0.131385 -0.280408 -0.131385 -0.270408 1 P 0
L -0.131385 -0.270408 -0.141385 -0.260408 1 P 0
L -0.141385 -0.260408 -0.156385 -0.260408 1 P 0
L -0.156385 -0.260408 -0.161385 -0.265408 1 P 0
L -0.176385 -0.265408 -0.181385 -0.260408 1 P 0
L -0.181385 -0.260408 -0.196385 -0.260408 1 P 0
L -0.196385 -0.260408 -0.201385 -0.265408 1 P 0
L -0.201385 -0.265408 -0.201385 -0.270408 1 P 0
L -0.201385 -0.270408 -0.196385 -0.275408 1 P 0
L -0.196385 -0.275408 -0.181385 -0.275408 1 P 0
L -0.181385 -0.275408 -0.176385 -0.280408 1 P 0
L -0.176385 -0.280408 -0.176385 -0.290408 1 P 0
L -0.176385 -0.290408 -0.201385 -0.290408 1 P 0
L -0.216385 -0.265408 -0.221385 -0.260408 1 P 0
L -0.221385 -0.260408 -0.236385 -0.260408 1 P 0
L -0.236385 -0.260408 -0.241385 -0.265408 1 P 0
L -0.241385 -0.265408 -0.241385 -0.270408 1 P 0
L -0.241385 -0.270408 -0.236385 -0.275408 1 P 0
L -0.236385 -0.275408 -0.221385 -0.275408 1 P 0
L -0.221385 -0.275408 -0.216385 -0.280408 1 P 0
L -0.216385 -0.280408 -0.216385 -0.290408 1 P 0
L -0.216385 -0.290408 -0.241385 -0.290408 1 P 0
L 0.116142 -0.454724 0.061024 -0.454724 0 P 0
L 0.116142 -0.51378 0.061024 -0.51378 0 P 0
L 0.116142 -0.454724 0.116142 -0.51378 0 P 0
L 0.110236 -0.51378 0.110236 -0.454724 0 P 0
L 0.104331 -0.51378 0.104331 -0.454724 0 P 0
L 0.098425 -0.51378 0.098425 -0.454724 0 P 0
L 0.188697 -0.575795 0.188697 -0.545795 1 P 0
L 0.188697 -0.545795 0.168697 -0.545795 1 P 0
L 0.168697 -0.545795 0.158697 -0.555795 1 P 0
L 0.158697 -0.555795 0.158697 -0.565795 1 P 0
L 0.158697 -0.565795 0.168697 -0.575795 1 P 0
L 0.168697 -0.575795 0.188697 -0.575795 1 P 0
L 0.138697 -0.555795 0.128697 -0.545795 1 P 0
L 0.128697 -0.545795 0.128697 -0.575795 1 P 0
L 0.078697 -0.565795 0.108697 -0.565795 1 P 0
L 0.108697 -0.565795 0.088697 -0.545795 1 P 0
L 0.088697 -0.545795 0.088697 -0.575795 1 P 0
L 0.024346 -0.641591 -0.172504 -0.641591 1 P 0
L -0.07611 -0.543165 -0.07611 -0.740016 1 P 0
L 0.235339 -0.675323 0.235339 -0.966661 1 P 0
L 0.073921 -0.966661 0.231402 -0.966661 1 P 0
L 0.073921 -0.675323 0.235339 -0.675323 1 P 0
L 0.017667 -0.406357 0.017667 -0.376357 1 P 0
L 0.017667 -0.376357 -0.007333 -0.376357 1 P 0
L -0.007333 -0.376357 -0.012333 -0.381357 1 P 0
L -0.012333 -0.381357 -0.012333 -0.386357 1 P 0
L -0.012333 -0.386357 -0.007333 -0.391357 1 P 0
L -0.007333 -0.391357 -0.012333 -0.396357 1 P 0
L -0.012333 -0.396357 -0.012333 -0.401357 1 P 0
L -0.012333 -0.401357 -0.007333 -0.406357 1 P 0
L -0.007333 -0.406357 0.017667 -0.406357 1 P 0
L 0.017667 -0.391357 -0.007333 -0.391357 1 P 0
L -0.022333 -0.406357 -0.022333 -0.386357 1 P 0
L -0.022333 -0.386357 -0.032333 -0.376357 1 P 0
L -0.032333 -0.376357 -0.042333 -0.376357 1 P 0
L -0.042333 -0.376357 -0.052333 -0.386357 1 P 0
L -0.052333 -0.386357 -0.052333 -0.406357 1 P 0
L -0.022333 -0.396357 -0.052333 -0.396357 1 P 0
L -0.062333 -0.376357 -0.092333 -0.376357 1 P 0
L -0.077333 -0.376357 -0.077333 -0.406357 1 P 0
L -0.112333 -0.386357 -0.122333 -0.376357 1 P 0
L -0.122333 -0.376357 -0.122333 -0.406357 1 P 0
L 0.247047 0.633858 0.220472 0.633858 0 P 0
L 0.220472 0.633858 0.220472 0.334646 0 P 0
L 0.220472 0.334646 0.247047 0.334646 0 P 0
L 0.375 0.633858 0.401575 0.633858 0 P 0
L 0.401575 0.633858 0.401575 0.334646 0 P 0
L 0.401575 0.334646 0.375 0.334646 0 P 0
L 0.448504 0.606949 0.453504 0.611949 1 P 0
L 0.453504 0.611949 0.453504 0.626949 1 P 0
L 0.453504 0.626949 0.443504 0.636949 1 P 0
L 0.443504 0.636949 0.433504 0.636949 1 P 0
L 0.433504 0.636949 0.423504 0.626949 1 P 0
L 0.423504 0.626949 0.423504 0.611949 1 P 0
L 0.423504 0.611949 0.428504 0.606949 1 P 0
L 0.433504 0.566949 0.438504 0.571949 1 P 0
L 0.438504 0.571949 0.438504 0.586949 1 P 0
L 0.438504 0.586949 0.433504 0.591949 1 P 0
L 0.433504 0.591949 0.428504 0.591949 1 P 0
L 0.428504 0.591949 0.423504 0.586949 1 P 0
L 0.423504 0.586949 0.423504 0.571949 1 P 0
L 0.423504 0.571949 0.428504 0.566949 1 P 0
L 0.428504 0.566949 0.448504 0.566949 1 P 0
L 0.448504 0.566949 0.453504 0.571949 1 P 0
L 0.453504 0.571949 0.453504 0.586949 1 P 0
L 0.846457 0.654621 0.846457 0.681196 0 P 0
L 0.846457 0.681196 0.547244 0.681196 0 P 0
L 0.547244 0.681196 0.547244 0.654621 0 P 0
L 0.846457 0.526668 0.846457 0.500093 0 P 0
L 0.846457 0.500093 0.547244 0.500093 0 P 0
L 0.547244 0.500093 0.547244 0.526668 0 P 0
L 0.495838 0.539763 0.500838 0.534763 1 P 0
L 0.500838 0.534763 0.515838 0.534763 1 P 0
L 0.515838 0.534763 0.525838 0.544763 1 P 0
L 0.525838 0.544763 0.525838 0.554763 1 P 0
L 0.525838 0.554763 0.515838 0.564763 1 P 0
L 0.515838 0.564763 0.500838 0.564763 1 P 0
L 0.500838 0.564763 0.495838 0.559763 1 P 0
L 0.475838 0.554763 0.465838 0.564763 1 P 0
L 0.465838 0.564763 0.465838 0.534763 1 P 0
L 0.470472 -0.527559 0.521654 -0.527559 0 P 0
L 0.42537 -0.509433 0.43037 -0.504433 1 P 0
L 0.43037 -0.504433 0.43037 -0.489433 1 P 0
L 0.43037 -0.489433 0.42037 -0.479433 1 P 0
L 0.42037 -0.479433 0.41037 -0.479433 1 P 0
L 0.41037 -0.479433 0.40037 -0.489433 1 P 0
L 0.40037 -0.489433 0.40037 -0.504433 1 P 0
L 0.40037 -0.504433 0.40537 -0.509433 1 P 0
L 0.40537 -0.524433 0.40037 -0.529433 1 P 0
L 0.40037 -0.529433 0.40037 -0.544433 1 P 0
L 0.40037 -0.544433 0.40537 -0.549433 1 P 0
L 0.40537 -0.549433 0.41037 -0.549433 1 P 0
L 0.41037 -0.549433 0.41537 -0.544433 1 P 0
L 0.41537 -0.544433 0.41537 -0.529433 1 P 0
L 0.41537 -0.529433 0.42037 -0.524433 1 P 0
L 0.42037 -0.524433 0.43037 -0.524433 1 P 0
L 0.43037 -0.524433 0.43037 -0.549433 1 P 0
L 0.41537 -0.569433 0.41037 -0.564433 1 P 0
L 0.41037 -0.564433 0.40537 -0.564433 1 P 0
L 0.40537 -0.564433 0.40037 -0.569433 1 P 0
L 0.40037 -0.569433 0.40037 -0.584433 1 P 0
L 0.40037 -0.584433 0.40537 -0.589433 1 P 0
L 0.40537 -0.589433 0.41037 -0.589433 1 P 0
L 0.41037 -0.589433 0.41537 -0.584433 1 P 0
L 0.41537 -0.584433 0.41537 -0.569433 1 P 0
L 0.41537 -0.569433 0.42037 -0.564433 1 P 0
L 0.42037 -0.564433 0.42537 -0.564433 1 P 0
L 0.42537 -0.564433 0.43037 -0.569433 1 P 0
L 0.43037 -0.569433 0.43037 -0.584433 1 P 0
L 0.43037 -0.584433 0.42537 -0.589433 1 P 0
L 0.42537 -0.589433 0.42037 -0.589433 1 P 0
L 0.42037 -0.589433 0.41537 -0.584433 1 P 0
L 0.676535 -0.576559 0.664724 -0.576559 0 P 0
L 0.676535 -0.521441 0.664724 -0.521441 0 P 0
L 0.738362 -0.486913 0.738362 -0.456913 1 P 0
L 0.738362 -0.456913 0.713362 -0.456913 1 P 0
L 0.713362 -0.456913 0.708362 -0.461913 1 P 0
L 0.708362 -0.461913 0.708362 -0.466913 1 P 0
L 0.708362 -0.466913 0.713362 -0.471913 1 P 0
L 0.713362 -0.471913 0.738362 -0.471913 1 P 0
L 0.713362 -0.471913 0.708362 -0.476913 1 P 0
L 0.708362 -0.476913 0.708362 -0.486913 1 P 0
L 0.668362 -0.456913 0.693362 -0.456913 1 P 0
L 0.693362 -0.456913 0.693362 -0.466913 1 P 0
L 0.693362 -0.466913 0.673362 -0.466913 1 P 0
L 0.673362 -0.466913 0.668362 -0.471913 1 P 0
L 0.668362 -0.471913 0.668362 -0.481913 1 P 0
L 0.668362 -0.481913 0.673362 -0.486913 1 P 0
L 0.673362 -0.486913 0.688362 -0.486913 1 P 0
L 0.688362 -0.486913 0.693362 -0.481913 1 P 0
L 0.628362 -0.461913 0.633362 -0.456913 1 P 0
L 0.633362 -0.456913 0.648362 -0.456913 1 P 0
L 0.648362 -0.456913 0.653362 -0.461913 1 P 0
L 0.653362 -0.461913 0.653362 -0.481913 1 P 0
L 0.653362 -0.481913 0.648362 -0.486913 1 P 0
L 0.648362 -0.486913 0.633362 -0.486913 1 P 0
L 0.633362 -0.486913 0.628362 -0.481913 1 P 0
L 0.628362 -0.481913 0.628362 -0.476913 1 P 0
L 0.628362 -0.476913 0.633362 -0.471913 1 P 0
L 0.633362 -0.471913 0.653362 -0.471913 1 P 0
L -0.320866 0.688976 -0.364173 0.688976 0 P 0
L -0.320866 0.759843 -0.364173 0.759843 0 P 0
L -0.372456 0.64439 -0.367456 0.63939 1 P 0
L -0.367456 0.63939 -0.352456 0.63939 1 P 0
L -0.352456 0.63939 -0.342456 0.64939 1 P 0
L -0.342456 0.64939 -0.342456 0.65939 1 P 0
L -0.342456 0.65939 -0.352456 0.66939 1 P 0
L -0.352456 0.66939 -0.367456 0.66939 1 P 0
L -0.367456 0.66939 -0.372456 0.66439 1 P 0
L -0.387456 0.66439 -0.392456 0.66939 1 P 0
L -0.392456 0.66939 -0.407456 0.66939 1 P 0
L -0.407456 0.66939 -0.412456 0.66439 1 P 0
L -0.412456 0.66439 -0.412456 0.65939 1 P 0
L -0.412456 0.65939 -0.407456 0.65439 1 P 0
L -0.407456 0.65439 -0.392456 0.65439 1 P 0
L -0.392456 0.65439 -0.387456 0.64939 1 P 0
L -0.387456 0.64939 -0.387456 0.63939 1 P 0
L -0.387456 0.63939 -0.412456 0.63939 1 P 0
L -0.452456 0.65939 -0.447456 0.65439 1 P 0
L -0.447456 0.65439 -0.432456 0.65439 1 P 0
L -0.432456 0.65439 -0.427456 0.65939 1 P 0
L -0.427456 0.65939 -0.427456 0.66439 1 P 0
L -0.427456 0.66439 -0.432456 0.66939 1 P 0
L -0.432456 0.66939 -0.447456 0.66939 1 P 0
L -0.447456 0.66939 -0.452456 0.66439 1 P 0
L -0.452456 0.66439 -0.452456 0.64439 1 P 0
L -0.452456 0.64439 -0.447456 0.63939 1 P 0
L -0.447456 0.63939 -0.432456 0.63939 1 P 0
L -1.246063 -0.606299 -1.234252 -0.606299 0 P 0
L -1.246063 -0.661417 -1.234252 -0.661417 0 P 0
L -0.963622 -0.631614 -0.963622 -0.601614 1 P 0
L -0.963622 -0.601614 -0.988622 -0.601614 1 P 0
L -0.988622 -0.601614 -0.993622 -0.606614 1 P 0
L -0.993622 -0.606614 -0.993622 -0.611614 1 P 0
L -0.993622 -0.611614 -0.988622 -0.616614 1 P 0
L -0.988622 -0.616614 -0.963622 -0.616614 1 P 0
L -0.988622 -0.616614 -0.993622 -0.621614 1 P 0
L -0.993622 -0.621614 -0.993622 -0.631614 1 P 0
L -1.033622 -0.601614 -1.008622 -0.601614 1 P 0
L -1.008622 -0.601614 -1.008622 -0.611614 1 P 0
L -1.008622 -0.611614 -1.028622 -0.611614 1 P 0
L -1.028622 -0.611614 -1.033622 -0.616614 1 P 0
L -1.033622 -0.616614 -1.033622 -0.626614 1 P 0
L -1.033622 -0.626614 -1.028622 -0.631614 1 P 0
L -1.028622 -0.631614 -1.013622 -0.631614 1 P 0
L -1.013622 -0.631614 -1.008622 -0.626614 1 P 0
L -1.073622 -0.611614 -1.068622 -0.616614 1 P 0
L -1.068622 -0.616614 -1.053622 -0.616614 1 P 0
L -1.053622 -0.616614 -1.048622 -0.611614 1 P 0
L -1.048622 -0.611614 -1.048622 -0.606614 1 P 0
L -1.048622 -0.606614 -1.053622 -0.601614 1 P 0
L -1.053622 -0.601614 -1.068622 -0.601614 1 P 0
L -1.068622 -0.601614 -1.073622 -0.606614 1 P 0
L -1.073622 -0.606614 -1.073622 -0.626614 1 P 0
L -1.073622 -0.626614 -1.068622 -0.631614 1 P 0
L -1.068622 -0.631614 -1.053622 -0.631614 1 P 0
L -1.246063 -0.503937 -1.234252 -0.503937 0 P 0
L -1.246063 -0.559055 -1.234252 -0.559055 0 P 0
L -0.987305 -0.552874 -0.987305 -0.522874 1 P 0
L -0.987305 -0.522874 -1.012305 -0.522874 1 P 0
L -1.012305 -0.522874 -1.017305 -0.527874 1 P 0
L -1.017305 -0.527874 -1.017305 -0.532874 1 P 0
L -1.017305 -0.532874 -1.012305 -0.537874 1 P 0
L -1.012305 -0.537874 -0.987305 -0.537874 1 P 0
L -1.012305 -0.537874 -1.017305 -0.542874 1 P 0
L -1.017305 -0.542874 -1.017305 -0.552874 1 P 0
L -1.057305 -0.522874 -1.032305 -0.522874 1 P 0
L -1.032305 -0.522874 -1.032305 -0.532874 1 P 0
L -1.032305 -0.532874 -1.052305 -0.532874 1 P 0
L -1.052305 -0.532874 -1.057305 -0.537874 1 P 0
L -1.057305 -0.537874 -1.057305 -0.547874 1 P 0
L -1.057305 -0.547874 -1.052305 -0.552874 1 P 0
L -1.052305 -0.552874 -1.037305 -0.552874 1 P 0
L -1.037305 -0.552874 -1.032305 -0.547874 1 P 0
L -1.077305 -0.537874 -1.072305 -0.532874 1 P 0
L -1.072305 -0.532874 -1.072305 -0.527874 1 P 0
L -1.072305 -0.527874 -1.077305 -0.522874 1 P 0
L -1.077305 -0.522874 -1.092305 -0.522874 1 P 0
L -1.092305 -0.522874 -1.097305 -0.527874 1 P 0
L -1.097305 -0.527874 -1.097305 -0.532874 1 P 0
L -1.097305 -0.532874 -1.092305 -0.537874 1 P 0
L -1.092305 -0.537874 -1.077305 -0.537874 1 P 0
L -1.077305 -0.537874 -1.072305 -0.542874 1 P 0
L -1.072305 -0.542874 -1.072305 -0.547874 1 P 0
L -1.072305 -0.547874 -1.077305 -0.552874 1 P 0
L -1.077305 -0.552874 -1.092305 -0.552874 1 P 0
L -1.092305 -0.552874 -1.097305 -0.547874 1 P 0
L -1.097305 -0.547874 -1.097305 -0.542874 1 P 0
L -1.097305 -0.542874 -1.092305 -0.537874 1 P 0
L -1.090551 -0.450787 -1.090551 -0.438976 0 P 0
L -1.035433 -0.450787 -1.035433 -0.438976 0 P 0
L -1.11248 -0.388819 -1.14248 -0.388819 1 P 0
L -1.14248 -0.388819 -1.14248 -0.413819 1 P 0
L -1.14248 -0.413819 -1.13748 -0.418819 1 P 0
L -1.13748 -0.418819 -1.13248 -0.418819 1 P 0
L -1.13248 -0.418819 -1.12748 -0.413819 1 P 0
L -1.12748 -0.413819 -1.12748 -0.388819 1 P 0
L -1.12748 -0.413819 -1.12248 -0.418819 1 P 0
L -1.12248 -0.418819 -1.11248 -0.418819 1 P 0
L -1.13748 -0.458819 -1.14248 -0.453819 1 P 0
L -1.14248 -0.453819 -1.14248 -0.438819 1 P 0
L -1.14248 -0.438819 -1.13748 -0.433819 1 P 0
L -1.13748 -0.433819 -1.11748 -0.433819 1 P 0
L -1.11748 -0.433819 -1.11248 -0.438819 1 P 0
L -1.11248 -0.438819 -1.11248 -0.453819 1 P 0
L -1.11248 -0.453819 -1.11748 -0.458819 1 P 0
L -1.11748 -0.458819 -1.12248 -0.458819 1 P 0
L -1.12248 -0.458819 -1.12748 -0.453819 1 P 0
L -1.12748 -0.453819 -1.12748 -0.433819 1 P 0
L -1.11748 -0.468819 -1.13748 -0.468819 1 P 0
L -1.13748 -0.468819 -1.14248 -0.473819 1 P 0
L -1.14248 -0.473819 -1.14248 -0.493819 1 P 0
L -1.14248 -0.493819 -1.13748 -0.498819 1 P 0
L -1.13748 -0.498819 -1.11748 -0.498819 1 P 0
L -1.11748 -0.498819 -1.11248 -0.493819 1 P 0
L -1.11248 -0.493819 -1.11248 -0.473819 1 P 0
L -1.11248 -0.473819 -1.11748 -0.468819 1 P 0
L -1.11248 -0.468819 -1.14248 -0.498819 1 P 0
L -1.246063 -0.845441 -1.234252 -0.845441 0 P 0
L -1.246063 -0.900559 -1.234252 -0.900559 0 P 0
L -0.987244 -0.87863 -0.987244 -0.84863 1 P 0
L -0.987244 -0.84863 -1.012244 -0.84863 1 P 0
L -1.012244 -0.84863 -1.017244 -0.85363 1 P 0
L -1.017244 -0.85363 -1.017244 -0.85863 1 P 0
L -1.017244 -0.85863 -1.012244 -0.86363 1 P 0
L -1.012244 -0.86363 -0.987244 -0.86363 1 P 0
L -1.012244 -0.86363 -1.017244 -0.86863 1 P 0
L -1.017244 -0.86863 -1.017244 -0.87863 1 P 0
L -1.057244 -0.85363 -1.052244 -0.84863 1 P 0
L -1.052244 -0.84863 -1.037244 -0.84863 1 P 0
L -1.037244 -0.84863 -1.032244 -0.85363 1 P 0
L -1.032244 -0.85363 -1.032244 -0.87363 1 P 0
L -1.032244 -0.87363 -1.037244 -0.87863 1 P 0
L -1.037244 -0.87863 -1.052244 -0.87863 1 P 0
L -1.052244 -0.87863 -1.057244 -0.87363 1 P 0
L -1.057244 -0.87363 -1.057244 -0.86863 1 P 0
L -1.057244 -0.86863 -1.052244 -0.86363 1 P 0
L -1.052244 -0.86363 -1.032244 -0.86363 1 P 0
L -1.077244 -0.85863 -1.087244 -0.84863 1 P 0
L -1.087244 -0.84863 -1.087244 -0.87863 1 P 0
L -1.234252 -0.759843 -1.246063 -0.759843 0 P 0
L -1.234252 -0.704724 -1.246063 -0.704724 0 P 0
L -0.987244 -0.740906 -0.987244 -0.710906 1 P 0
L -0.987244 -0.710906 -1.012244 -0.710906 1 P 0
L -1.012244 -0.710906 -1.017244 -0.715906 1 P 0
L -1.017244 -0.715906 -1.017244 -0.720906 1 P 0
L -1.017244 -0.720906 -1.012244 -0.725906 1 P 0
L -1.012244 -0.725906 -0.987244 -0.725906 1 P 0
L -1.012244 -0.725906 -1.017244 -0.730906 1 P 0
L -1.017244 -0.730906 -1.017244 -0.740906 1 P 0
L -1.057244 -0.715906 -1.052244 -0.710906 1 P 0
L -1.052244 -0.710906 -1.037244 -0.710906 1 P 0
L -1.037244 -0.710906 -1.032244 -0.715906 1 P 0
L -1.032244 -0.715906 -1.032244 -0.735906 1 P 0
L -1.032244 -0.735906 -1.037244 -0.740906 1 P 0
L -1.037244 -0.740906 -1.052244 -0.740906 1 P 0
L -1.052244 -0.740906 -1.057244 -0.735906 1 P 0
L -1.057244 -0.735906 -1.057244 -0.730906 1 P 0
L -1.057244 -0.730906 -1.052244 -0.725906 1 P 0
L -1.052244 -0.725906 -1.032244 -0.725906 1 P 0
L -1.072244 -0.715906 -1.077244 -0.710906 1 P 0
L -1.077244 -0.710906 -1.092244 -0.710906 1 P 0
L -1.092244 -0.710906 -1.097244 -0.715906 1 P 0
L -1.097244 -0.715906 -1.097244 -0.720906 1 P 0
L -1.097244 -0.720906 -1.092244 -0.725906 1 P 0
L -1.092244 -0.725906 -1.097244 -0.730906 1 P 0
L -1.097244 -0.730906 -1.097244 -0.735906 1 P 0
L -1.097244 -0.735906 -1.092244 -0.740906 1 P 0
L -1.092244 -0.740906 -1.077244 -0.740906 1 P 0
L -1.077244 -0.740906 -1.072244 -0.735906 1 P 0
L -1.082244 -0.725906 -1.092244 -0.725906 1 P 0
L -1.234252 -0.826559 -1.246063 -0.826559 0 P 0
L -1.234252 -0.771441 -1.246063 -0.771441 0 P 0
L -0.983307 -0.811559 -0.983307 -0.781559 1 P 0
L -0.983307 -0.781559 -1.008307 -0.781559 1 P 0
L -1.008307 -0.781559 -1.013307 -0.786559 1 P 0
L -1.013307 -0.786559 -1.013307 -0.791559 1 P 0
L -1.013307 -0.791559 -1.008307 -0.796559 1 P 0
L -1.008307 -0.796559 -0.983307 -0.796559 1 P 0
L -1.008307 -0.796559 -1.013307 -0.801559 1 P 0
L -1.013307 -0.801559 -1.013307 -0.811559 1 P 0
L -1.053307 -0.786559 -1.048307 -0.781559 1 P 0
L -1.048307 -0.781559 -1.033307 -0.781559 1 P 0
L -1.033307 -0.781559 -1.028307 -0.786559 1 P 0
L -1.028307 -0.786559 -1.028307 -0.806559 1 P 0
L -1.028307 -0.806559 -1.033307 -0.811559 1 P 0
L -1.033307 -0.811559 -1.048307 -0.811559 1 P 0
L -1.048307 -0.811559 -1.053307 -0.806559 1 P 0
L -1.053307 -0.806559 -1.053307 -0.801559 1 P 0
L -1.053307 -0.801559 -1.048307 -0.796559 1 P 0
L -1.048307 -0.796559 -1.028307 -0.796559 1 P 0
L -1.093307 -0.801559 -1.063307 -0.801559 1 P 0
L -1.063307 -0.801559 -1.083307 -0.781559 1 P 0
L -1.083307 -0.781559 -1.083307 -0.811559 1 P 0
L 0.143701 0.330709 0.155512 0.330709 0 P 0
L 0.143701 0.275591 0.155512 0.275591 0 P 0
L 0.25685 0.226654 0.25685 0.256654 1 P 0
L 0.25685 0.256654 0.23185 0.256654 1 P 0
L 0.23185 0.256654 0.22685 0.251654 1 P 0
L 0.22685 0.251654 0.22685 0.246654 1 P 0
L 0.22685 0.246654 0.23185 0.241654 1 P 0
L 0.23185 0.241654 0.25685 0.241654 1 P 0
L 0.23185 0.241654 0.22685 0.236654 1 P 0
L 0.22685 0.236654 0.22685 0.226654 1 P 0
L 0.20685 0.241654 0.21185 0.246654 1 P 0
L 0.21185 0.246654 0.21185 0.251654 1 P 0
L 0.21185 0.251654 0.20685 0.256654 1 P 0
L 0.20685 0.256654 0.19185 0.256654 1 P 0
L 0.19185 0.256654 0.18685 0.251654 1 P 0
L 0.18685 0.251654 0.18685 0.246654 1 P 0
L 0.18685 0.246654 0.19185 0.241654 1 P 0
L 0.19185 0.241654 0.20685 0.241654 1 P 0
L 0.20685 0.241654 0.21185 0.236654 1 P 0
L 0.21185 0.236654 0.21185 0.231654 1 P 0
L 0.21185 0.231654 0.20685 0.226654 1 P 0
L 0.20685 0.226654 0.19185 0.226654 1 P 0
L 0.19185 0.226654 0.18685 0.231654 1 P 0
L 0.18685 0.231654 0.18685 0.236654 1 P 0
L 0.18685 0.236654 0.19185 0.241654 1 P 0
L 0.17185 0.251654 0.16685 0.256654 1 P 0
L 0.16685 0.256654 0.15185 0.256654 1 P 0
L 0.15185 0.256654 0.14685 0.251654 1 P 0
L 0.14685 0.251654 0.14685 0.246654 1 P 0
L 0.14685 0.246654 0.15185 0.241654 1 P 0
L 0.15185 0.241654 0.16685 0.241654 1 P 0
L 0.16685 0.241654 0.17185 0.236654 1 P 0
L 0.17185 0.236654 0.17185 0.226654 1 P 0
L 0.17185 0.226654 0.14685 0.226654 1 P 0
L 0.155512 0.437008 0.143701 0.437008 0 P 0
L 0.155512 0.492126 0.143701 0.492126 0 P 0
L 0.209606 0.499252 0.209606 0.529252 1 P 0
L 0.209606 0.529252 0.184606 0.529252 1 P 0
L 0.184606 0.529252 0.179606 0.524252 1 P 0
L 0.179606 0.524252 0.179606 0.519252 1 P 0
L 0.179606 0.519252 0.184606 0.514252 1 P 0
L 0.184606 0.514252 0.209606 0.514252 1 P 0
L 0.184606 0.514252 0.179606 0.509252 1 P 0
L 0.179606 0.509252 0.179606 0.499252 1 P 0
L 0.159606 0.514252 0.164606 0.519252 1 P 0
L 0.164606 0.519252 0.164606 0.524252 1 P 0
L 0.164606 0.524252 0.159606 0.529252 1 P 0
L 0.159606 0.529252 0.144606 0.529252 1 P 0
L 0.144606 0.529252 0.139606 0.524252 1 P 0
L 0.139606 0.524252 0.139606 0.519252 1 P 0
L 0.139606 0.519252 0.144606 0.514252 1 P 0
L 0.144606 0.514252 0.159606 0.514252 1 P 0
L 0.159606 0.514252 0.164606 0.509252 1 P 0
L 0.164606 0.509252 0.164606 0.504252 1 P 0
L 0.164606 0.504252 0.159606 0.499252 1 P 0
L 0.159606 0.499252 0.144606 0.499252 1 P 0
L 0.144606 0.499252 0.139606 0.504252 1 P 0
L 0.139606 0.504252 0.139606 0.509252 1 P 0
L 0.139606 0.509252 0.144606 0.514252 1 P 0
L 0.124606 0.524252 0.119606 0.529252 1 P 0
L 0.119606 0.529252 0.104606 0.529252 1 P 0
L 0.104606 0.529252 0.099606 0.524252 1 P 0
L 0.099606 0.524252 0.099606 0.519252 1 P 0
L 0.099606 0.519252 0.104606 0.514252 1 P 0
L 0.104606 0.514252 0.099606 0.509252 1 P 0
L 0.099606 0.509252 0.099606 0.504252 1 P 0
L 0.099606 0.504252 0.104606 0.499252 1 P 0
L 0.104606 0.499252 0.119606 0.499252 1 P 0
L 0.119606 0.499252 0.124606 0.504252 1 P 0
L 0.114606 0.514252 0.104606 0.514252 1 P 0
L -0.094488 0.596457 -0.094488 0.584646 0 P 0
L -0.149606 0.596457 -0.149606 0.584646 0 P 0
L -0.110315 0.922205 -0.140315 0.922205 1 P 0
L -0.140315 0.922205 -0.140315 0.897205 1 P 0
L -0.140315 0.897205 -0.135315 0.892205 1 P 0
L -0.135315 0.892205 -0.130315 0.892205 1 P 0
L -0.130315 0.892205 -0.125315 0.897205 1 P 0
L -0.125315 0.897205 -0.125315 0.922205 1 P 0
L -0.125315 0.897205 -0.120315 0.892205 1 P 0
L -0.120315 0.892205 -0.110315 0.892205 1 P 0
L -0.125315 0.872205 -0.130315 0.877205 1 P 0
L -0.130315 0.877205 -0.135315 0.877205 1 P 0
L -0.135315 0.877205 -0.140315 0.872205 1 P 0
L -0.140315 0.872205 -0.140315 0.857205 1 P 0
L -0.140315 0.857205 -0.135315 0.852205 1 P 0
L -0.135315 0.852205 -0.130315 0.852205 1 P 0
L -0.130315 0.852205 -0.125315 0.857205 1 P 0
L -0.125315 0.857205 -0.125315 0.872205 1 P 0
L -0.125315 0.872205 -0.120315 0.877205 1 P 0
L -0.120315 0.877205 -0.115315 0.877205 1 P 0
L -0.115315 0.877205 -0.110315 0.872205 1 P 0
L -0.110315 0.872205 -0.110315 0.857205 1 P 0
L -0.110315 0.857205 -0.115315 0.852205 1 P 0
L -0.115315 0.852205 -0.120315 0.852205 1 P 0
L -0.120315 0.852205 -0.125315 0.857205 1 P 0
L -0.120315 0.812205 -0.120315 0.842205 1 P 0
L -0.120315 0.842205 -0.140315 0.822205 1 P 0
L -0.140315 0.822205 -0.110315 0.822205 1 P 0
L -1.246063 0.192913 -1.234252 0.192913 0 P 0
L -1.246063 0.137795 -1.234252 0.137795 0 P 0
L -1.188031 0.199094 -1.188031 0.229094 1 P 0
L -1.188031 0.229094 -1.213031 0.229094 1 P 0
L -1.213031 0.229094 -1.218031 0.224094 1 P 0
L -1.218031 0.224094 -1.218031 0.219094 1 P 0
L -1.218031 0.219094 -1.213031 0.214094 1 P 0
L -1.213031 0.214094 -1.188031 0.214094 1 P 0
L -1.213031 0.214094 -1.218031 0.209094 1 P 0
L -1.218031 0.209094 -1.218031 0.199094 1 P 0
L -1.238031 0.214094 -1.233031 0.219094 1 P 0
L -1.233031 0.219094 -1.233031 0.224094 1 P 0
L -1.233031 0.224094 -1.238031 0.229094 1 P 0
L -1.238031 0.229094 -1.253031 0.229094 1 P 0
L -1.253031 0.229094 -1.258031 0.224094 1 P 0
L -1.258031 0.224094 -1.258031 0.219094 1 P 0
L -1.258031 0.219094 -1.253031 0.214094 1 P 0
L -1.253031 0.214094 -1.238031 0.214094 1 P 0
L -1.238031 0.214094 -1.233031 0.209094 1 P 0
L -1.233031 0.209094 -1.233031 0.204094 1 P 0
L -1.233031 0.204094 -1.238031 0.199094 1 P 0
L -1.238031 0.199094 -1.253031 0.199094 1 P 0
L -1.253031 0.199094 -1.258031 0.204094 1 P 0
L -1.258031 0.204094 -1.258031 0.209094 1 P 0
L -1.258031 0.209094 -1.253031 0.214094 1 P 0
L -1.298031 0.229094 -1.273031 0.229094 1 P 0
L -1.273031 0.229094 -1.273031 0.219094 1 P 0
L -1.273031 0.219094 -1.293031 0.219094 1 P 0
L -1.293031 0.219094 -1.298031 0.214094 1 P 0
L -1.298031 0.214094 -1.298031 0.204094 1 P 0
L -1.298031 0.204094 -1.293031 0.199094 1 P 0
L -1.293031 0.199094 -1.278031 0.199094 1 P 0
L -1.278031 0.199094 -1.273031 0.204094 1 P 0
L -1.246063 0.397638 -1.234252 0.397638 0 P 0
L -1.246063 0.34252 -1.234252 0.34252 0 P 0
L -1.180157 0.399882 -1.180157 0.429882 1 P 0
L -1.180157 0.429882 -1.205157 0.429882 1 P 0
L -1.205157 0.429882 -1.210157 0.424882 1 P 0
L -1.210157 0.424882 -1.210157 0.419882 1 P 0
L -1.210157 0.419882 -1.205157 0.414882 1 P 0
L -1.205157 0.414882 -1.180157 0.414882 1 P 0
L -1.205157 0.414882 -1.210157 0.409882 1 P 0
L -1.210157 0.409882 -1.210157 0.399882 1 P 0
L -1.230157 0.414882 -1.225157 0.419882 1 P 0
L -1.225157 0.419882 -1.225157 0.424882 1 P 0
L -1.225157 0.424882 -1.230157 0.429882 1 P 0
L -1.230157 0.429882 -1.245157 0.429882 1 P 0
L -1.245157 0.429882 -1.250157 0.424882 1 P 0
L -1.250157 0.424882 -1.250157 0.419882 1 P 0
L -1.250157 0.419882 -1.245157 0.414882 1 P 0
L -1.245157 0.414882 -1.230157 0.414882 1 P 0
L -1.230157 0.414882 -1.225157 0.409882 1 P 0
L -1.225157 0.409882 -1.225157 0.404882 1 P 0
L -1.225157 0.404882 -1.230157 0.399882 1 P 0
L -1.230157 0.399882 -1.245157 0.399882 1 P 0
L -1.245157 0.399882 -1.250157 0.404882 1 P 0
L -1.250157 0.404882 -1.250157 0.409882 1 P 0
L -1.250157 0.409882 -1.245157 0.414882 1 P 0
L -1.290157 0.424882 -1.285157 0.429882 1 P 0
L -1.285157 0.429882 -1.270157 0.429882 1 P 0
L -1.270157 0.429882 -1.265157 0.424882 1 P 0
L -1.265157 0.424882 -1.265157 0.404882 1 P 0
L -1.265157 0.404882 -1.270157 0.399882 1 P 0
L -1.270157 0.399882 -1.285157 0.399882 1 P 0
L -1.285157 0.399882 -1.290157 0.404882 1 P 0
L -1.290157 0.404882 -1.290157 0.409882 1 P 0
L -1.290157 0.409882 -1.285157 0.414882 1 P 0
L -1.285157 0.414882 -1.265157 0.414882 1 P 0
L -1.246063 0.594488 -1.234252 0.594488 0 P 0
L -1.246063 0.53937 -1.234252 0.53937 0 P 0
L -1.188031 0.604606 -1.188031 0.634606 1 P 0
L -1.188031 0.634606 -1.213031 0.634606 1 P 0
L -1.213031 0.634606 -1.218031 0.629606 1 P 0
L -1.218031 0.629606 -1.218031 0.624606 1 P 0
L -1.218031 0.624606 -1.213031 0.619606 1 P 0
L -1.213031 0.619606 -1.188031 0.619606 1 P 0
L -1.213031 0.619606 -1.218031 0.614606 1 P 0
L -1.218031 0.614606 -1.218031 0.604606 1 P 0
L -1.238031 0.619606 -1.233031 0.624606 1 P 0
L -1.233031 0.624606 -1.233031 0.629606 1 P 0
L -1.233031 0.629606 -1.238031 0.634606 1 P 0
L -1.238031 0.634606 -1.253031 0.634606 1 P 0
L -1.253031 0.634606 -1.258031 0.629606 1 P 0
L -1.258031 0.629606 -1.258031 0.624606 1 P 0
L -1.258031 0.624606 -1.253031 0.619606 1 P 0
L -1.253031 0.619606 -1.238031 0.619606 1 P 0
L -1.238031 0.619606 -1.233031 0.614606 1 P 0
L -1.233031 0.614606 -1.233031 0.609606 1 P 0
L -1.233031 0.609606 -1.238031 0.604606 1 P 0
L -1.238031 0.604606 -1.253031 0.604606 1 P 0
L -1.253031 0.604606 -1.258031 0.609606 1 P 0
L -1.258031 0.609606 -1.258031 0.614606 1 P 0
L -1.258031 0.614606 -1.253031 0.619606 1 P 0
L -1.273031 0.634606 -1.298031 0.634606 1 P 0
L -1.298031 0.634606 -1.298031 0.629606 1 P 0
L -1.298031 0.629606 -1.273031 0.604606 1 P 0
L -1.285433 0.799213 -1.273622 0.799213 0 P 0
L -1.285433 0.744094 -1.273622 0.744094 0 P 0
L -1.081732 0.762087 -1.081732 0.792087 1 P 0
L -1.081732 0.792087 -1.106732 0.792087 1 P 0
L -1.106732 0.792087 -1.111732 0.787087 1 P 0
L -1.111732 0.787087 -1.111732 0.782087 1 P 0
L -1.111732 0.782087 -1.106732 0.777087 1 P 0
L -1.106732 0.777087 -1.081732 0.777087 1 P 0
L -1.106732 0.777087 -1.111732 0.772087 1 P 0
L -1.111732 0.772087 -1.111732 0.762087 1 P 0
L -1.131732 0.777087 -1.126732 0.782087 1 P 0
L -1.126732 0.782087 -1.126732 0.787087 1 P 0
L -1.126732 0.787087 -1.131732 0.792087 1 P 0
L -1.131732 0.792087 -1.146732 0.792087 1 P 0
L -1.146732 0.792087 -1.151732 0.787087 1 P 0
L -1.151732 0.787087 -1.151732 0.782087 1 P 0
L -1.151732 0.782087 -1.146732 0.777087 1 P 0
L -1.146732 0.777087 -1.131732 0.777087 1 P 0
L -1.131732 0.777087 -1.126732 0.772087 1 P 0
L -1.126732 0.772087 -1.126732 0.767087 1 P 0
L -1.126732 0.767087 -1.131732 0.762087 1 P 0
L -1.131732 0.762087 -1.146732 0.762087 1 P 0
L -1.146732 0.762087 -1.151732 0.767087 1 P 0
L -1.151732 0.767087 -1.151732 0.772087 1 P 0
L -1.151732 0.772087 -1.146732 0.777087 1 P 0
L -1.171732 0.777087 -1.166732 0.782087 1 P 0
L -1.166732 0.782087 -1.166732 0.787087 1 P 0
L -1.166732 0.787087 -1.171732 0.792087 1 P 0
L -1.171732 0.792087 -1.186732 0.792087 1 P 0
L -1.186732 0.792087 -1.191732 0.787087 1 P 0
L -1.191732 0.787087 -1.191732 0.782087 1 P 0
L -1.191732 0.782087 -1.186732 0.777087 1 P 0
L -1.186732 0.777087 -1.171732 0.777087 1 P 0
L -1.171732 0.777087 -1.166732 0.772087 1 P 0
L -1.166732 0.772087 -1.166732 0.767087 1 P 0
L -1.166732 0.767087 -1.171732 0.762087 1 P 0
L -1.171732 0.762087 -1.186732 0.762087 1 P 0
L -1.186732 0.762087 -1.191732 0.767087 1 P 0
L -1.191732 0.767087 -1.191732 0.772087 1 P 0
L -1.191732 0.772087 -1.186732 0.777087 1 P 0
L -1.714567 0.622047 -1.726378 0.622047 0 P 0
L -1.714567 0.677165 -1.726378 0.677165 0 P 0
L -1.806142 0.637047 -1.806142 0.667047 1 P 0
L -1.806142 0.667047 -1.831142 0.667047 1 P 0
L -1.831142 0.667047 -1.836142 0.662047 1 P 0
L -1.836142 0.662047 -1.836142 0.657047 1 P 0
L -1.836142 0.657047 -1.831142 0.652047 1 P 0
L -1.831142 0.652047 -1.806142 0.652047 1 P 0
L -1.831142 0.652047 -1.836142 0.647047 1 P 0
L -1.836142 0.647047 -1.836142 0.637047 1 P 0
L -1.856142 0.652047 -1.851142 0.657047 1 P 0
L -1.851142 0.657047 -1.851142 0.662047 1 P 0
L -1.851142 0.662047 -1.856142 0.667047 1 P 0
L -1.856142 0.667047 -1.871142 0.667047 1 P 0
L -1.871142 0.667047 -1.876142 0.662047 1 P 0
L -1.876142 0.662047 -1.876142 0.657047 1 P 0
L -1.876142 0.657047 -1.871142 0.652047 1 P 0
L -1.871142 0.652047 -1.856142 0.652047 1 P 0
L -1.856142 0.652047 -1.851142 0.647047 1 P 0
L -1.851142 0.647047 -1.851142 0.642047 1 P 0
L -1.851142 0.642047 -1.856142 0.637047 1 P 0
L -1.856142 0.637047 -1.871142 0.637047 1 P 0
L -1.871142 0.637047 -1.876142 0.642047 1 P 0
L -1.876142 0.642047 -1.876142 0.647047 1 P 0
L -1.876142 0.647047 -1.871142 0.652047 1 P 0
L -1.916142 0.657047 -1.911142 0.652047 1 P 0
L -1.911142 0.652047 -1.896142 0.652047 1 P 0
L -1.896142 0.652047 -1.891142 0.657047 1 P 0
L -1.891142 0.657047 -1.891142 0.662047 1 P 0
L -1.891142 0.662047 -1.896142 0.667047 1 P 0
L -1.896142 0.667047 -1.911142 0.667047 1 P 0
L -1.911142 0.667047 -1.916142 0.662047 1 P 0
L -1.916142 0.662047 -1.916142 0.642047 1 P 0
L -1.916142 0.642047 -1.911142 0.637047 1 P 0
L -1.911142 0.637047 -1.896142 0.637047 1 P 0
L -0.620079 0.566929 -0.608268 0.566929 0 P 0
L -0.620079 0.511811 -0.608268 0.511811 0 P 0
L -0.422283 0.523898 -0.422283 0.553898 1 P 0
L -0.422283 0.553898 -0.447283 0.553898 1 P 0
L -0.447283 0.553898 -0.452283 0.548898 1 P 0
L -0.452283 0.548898 -0.452283 0.543898 1 P 0
L -0.452283 0.543898 -0.447283 0.538898 1 P 0
L -0.447283 0.538898 -0.422283 0.538898 1 P 0
L -0.447283 0.538898 -0.452283 0.533898 1 P 0
L -0.452283 0.533898 -0.452283 0.523898 1 P 0
L -0.492283 0.543898 -0.487283 0.538898 1 P 0
L -0.487283 0.538898 -0.472283 0.538898 1 P 0
L -0.472283 0.538898 -0.467283 0.543898 1 P 0
L -0.467283 0.543898 -0.467283 0.548898 1 P 0
L -0.467283 0.548898 -0.472283 0.553898 1 P 0
L -0.472283 0.553898 -0.487283 0.553898 1 P 0
L -0.487283 0.553898 -0.492283 0.548898 1 P 0
L -0.492283 0.548898 -0.492283 0.528898 1 P 0
L -0.492283 0.528898 -0.487283 0.523898 1 P 0
L -0.487283 0.523898 -0.472283 0.523898 1 P 0
L -0.502283 0.528898 -0.502283 0.548898 1 P 0
L -0.502283 0.548898 -0.507283 0.553898 1 P 0
L -0.507283 0.553898 -0.527283 0.553898 1 P 0
L -0.527283 0.553898 -0.532283 0.548898 1 P 0
L -0.532283 0.548898 -0.532283 0.528898 1 P 0
L -0.532283 0.528898 -0.527283 0.523898 1 P 0
L -0.527283 0.523898 -0.507283 0.523898 1 P 0
L -0.507283 0.523898 -0.502283 0.528898 1 P 0
L -0.502283 0.523898 -0.532283 0.553898 1 P 0
L -1.738189 0.291339 -1.726378 0.291339 0 P 0
L -1.738189 0.23622 -1.726378 0.23622 0 P 0
L -1.648661 0.175472 -1.648661 0.205472 1 P 0
L -1.648661 0.205472 -1.673661 0.205472 1 P 0
L -1.673661 0.205472 -1.678661 0.200472 1 P 0
L -1.678661 0.200472 -1.678661 0.195472 1 P 0
L -1.678661 0.195472 -1.673661 0.190472 1 P 0
L -1.673661 0.190472 -1.648661 0.190472 1 P 0
L -1.673661 0.190472 -1.678661 0.185472 1 P 0
L -1.678661 0.185472 -1.678661 0.175472 1 P 0
L -1.718661 0.195472 -1.713661 0.190472 1 P 0
L -1.713661 0.190472 -1.698661 0.190472 1 P 0
L -1.698661 0.190472 -1.693661 0.195472 1 P 0
L -1.693661 0.195472 -1.693661 0.200472 1 P 0
L -1.693661 0.200472 -1.698661 0.205472 1 P 0
L -1.698661 0.205472 -1.713661 0.205472 1 P 0
L -1.713661 0.205472 -1.718661 0.200472 1 P 0
L -1.718661 0.200472 -1.718661 0.180472 1 P 0
L -1.718661 0.180472 -1.713661 0.175472 1 P 0
L -1.713661 0.175472 -1.698661 0.175472 1 P 0
L -1.733661 0.200472 -1.738661 0.205472 1 P 0
L -1.738661 0.205472 -1.753661 0.205472 1 P 0
L -1.753661 0.205472 -1.758661 0.200472 1 P 0
L -1.758661 0.200472 -1.758661 0.195472 1 P 0
L -1.758661 0.195472 -1.753661 0.190472 1 P 0
L -1.753661 0.190472 -1.758661 0.185472 1 P 0
L -1.758661 0.185472 -1.758661 0.180472 1 P 0
L -1.758661 0.180472 -1.753661 0.175472 1 P 0
L -1.753661 0.175472 -1.738661 0.175472 1 P 0
L -1.738661 0.175472 -1.733661 0.180472 1 P 0
L -1.743661 0.190472 -1.753661 0.190472 1 P 0
L 0.143701 0.409449 0.155512 0.409449 0 P 0
L 0.143701 0.354331 0.155512 0.354331 0 P 0
L 0.374961 0.427441 0.374961 0.457441 1 P 0
L 0.374961 0.457441 0.349961 0.457441 1 P 0
L 0.349961 0.457441 0.344961 0.452441 1 P 0
L 0.344961 0.452441 0.344961 0.447441 1 P 0
L 0.344961 0.447441 0.349961 0.442441 1 P 0
L 0.349961 0.442441 0.374961 0.442441 1 P 0
L 0.349961 0.442441 0.344961 0.437441 1 P 0
L 0.344961 0.437441 0.344961 0.427441 1 P 0
L 0.304961 0.447441 0.309961 0.442441 1 P 0
L 0.309961 0.442441 0.324961 0.442441 1 P 0
L 0.324961 0.442441 0.329961 0.447441 1 P 0
L 0.329961 0.447441 0.329961 0.452441 1 P 0
L 0.329961 0.452441 0.324961 0.457441 1 P 0
L 0.324961 0.457441 0.309961 0.457441 1 P 0
L 0.309961 0.457441 0.304961 0.452441 1 P 0
L 0.304961 0.452441 0.304961 0.432441 1 P 0
L 0.304961 0.432441 0.309961 0.427441 1 P 0
L 0.309961 0.427441 0.324961 0.427441 1 P 0
L 0.264961 0.437441 0.294961 0.437441 1 P 0
L 0.294961 0.437441 0.274961 0.457441 1 P 0
L 0.274961 0.457441 0.274961 0.427441 1 P 0
L -0.070866 0.584646 -0.070866 0.596457 0 P 0
L -0.015748 0.584646 -0.015748 0.596457 0 P 0
L -0.014055 0.934016 -0.044055 0.934016 1 P 0
L -0.044055 0.934016 -0.044055 0.909016 1 P 0
L -0.044055 0.909016 -0.039055 0.904016 1 P 0
L -0.039055 0.904016 -0.034055 0.904016 1 P 0
L -0.034055 0.904016 -0.029055 0.909016 1 P 0
L -0.029055 0.909016 -0.029055 0.934016 1 P 0
L -0.029055 0.909016 -0.024055 0.904016 1 P 0
L -0.024055 0.904016 -0.014055 0.904016 1 P 0
L -0.034055 0.864016 -0.029055 0.869016 1 P 0
L -0.029055 0.869016 -0.029055 0.884016 1 P 0
L -0.029055 0.884016 -0.034055 0.889016 1 P 0
L -0.034055 0.889016 -0.039055 0.889016 1 P 0
L -0.039055 0.889016 -0.044055 0.884016 1 P 0
L -0.044055 0.884016 -0.044055 0.869016 1 P 0
L -0.044055 0.869016 -0.039055 0.864016 1 P 0
L -0.039055 0.864016 -0.019055 0.864016 1 P 0
L -0.019055 0.864016 -0.014055 0.869016 1 P 0
L -0.014055 0.869016 -0.014055 0.884016 1 P 0
L -0.044055 0.824016 -0.044055 0.849016 1 P 0
L -0.044055 0.849016 -0.034055 0.849016 1 P 0
L -0.034055 0.849016 -0.034055 0.829016 1 P 0
L -0.034055 0.829016 -0.029055 0.824016 1 P 0
L -0.029055 0.824016 -0.019055 0.824016 1 P 0
L -0.019055 0.824016 -0.014055 0.829016 1 P 0
L -0.014055 0.829016 -0.014055 0.844016 1 P 0
L -0.014055 0.844016 -0.019055 0.849016 1 P 0
L -0.228346 0.584646 -0.228346 0.596457 0 P 0
L -0.173228 0.584646 -0.173228 0.596457 0 P 0
L -0.210906 0.776535 -0.240906 0.776535 1 P 0
L -0.240906 0.776535 -0.240906 0.751535 1 P 0
L -0.240906 0.751535 -0.235906 0.746535 1 P 0
L -0.235906 0.746535 -0.230906 0.746535 1 P 0
L -0.230906 0.746535 -0.225906 0.751535 1 P 0
L -0.225906 0.751535 -0.225906 0.776535 1 P 0
L -0.225906 0.751535 -0.220906 0.746535 1 P 0
L -0.220906 0.746535 -0.210906 0.746535 1 P 0
L -0.230906 0.706535 -0.225906 0.711535 1 P 0
L -0.225906 0.711535 -0.225906 0.726535 1 P 0
L -0.225906 0.726535 -0.230906 0.731535 1 P 0
L -0.230906 0.731535 -0.235906 0.731535 1 P 0
L -0.235906 0.731535 -0.240906 0.726535 1 P 0
L -0.240906 0.726535 -0.240906 0.711535 1 P 0
L -0.240906 0.711535 -0.235906 0.706535 1 P 0
L -0.235906 0.706535 -0.215906 0.706535 1 P 0
L -0.215906 0.706535 -0.210906 0.711535 1 P 0
L -0.210906 0.711535 -0.210906 0.726535 1 P 0
L -0.235906 0.666535 -0.240906 0.671535 1 P 0
L -0.240906 0.671535 -0.240906 0.686535 1 P 0
L -0.240906 0.686535 -0.235906 0.691535 1 P 0
L -0.235906 0.691535 -0.215906 0.691535 1 P 0
L -0.215906 0.691535 -0.210906 0.686535 1 P 0
L -0.210906 0.686535 -0.210906 0.671535 1 P 0
L -0.210906 0.671535 -0.215906 0.666535 1 P 0
L -0.215906 0.666535 -0.220906 0.666535 1 P 0
L -0.220906 0.666535 -0.225906 0.671535 1 P 0
L -0.225906 0.671535 -0.225906 0.691535 1 P 0
L -1.234252 0.440945 -1.246063 0.440945 0 P 0
L -1.234252 0.496063 -1.246063 0.496063 0 P 0
L -1.178292 0.49718 -1.178292 0.52718 1 P 0
L -1.178292 0.52718 -1.203292 0.52718 1 P 0
L -1.203292 0.52718 -1.208292 0.52218 1 P 0
L -1.208292 0.52218 -1.208292 0.51718 1 P 0
L -1.208292 0.51718 -1.203292 0.51218 1 P 0
L -1.203292 0.51218 -1.178292 0.51218 1 P 0
L -1.203292 0.51218 -1.208292 0.50718 1 P 0
L -1.208292 0.50718 -1.208292 0.49718 1 P 0
L -1.248292 0.51718 -1.243292 0.51218 1 P 0
L -1.243292 0.51218 -1.228292 0.51218 1 P 0
L -1.228292 0.51218 -1.223292 0.51718 1 P 0
L -1.223292 0.51718 -1.223292 0.52218 1 P 0
L -1.223292 0.52218 -1.228292 0.52718 1 P 0
L -1.228292 0.52718 -1.243292 0.52718 1 P 0
L -1.243292 0.52718 -1.248292 0.52218 1 P 0
L -1.248292 0.52218 -1.248292 0.50218 1 P 0
L -1.248292 0.50218 -1.243292 0.49718 1 P 0
L -1.243292 0.49718 -1.228292 0.49718 1 P 0
L -1.268292 0.51218 -1.263292 0.51718 1 P 0
L -1.263292 0.51718 -1.263292 0.52218 1 P 0
L -1.263292 0.52218 -1.268292 0.52718 1 P 0
L -1.268292 0.52718 -1.283292 0.52718 1 P 0
L -1.283292 0.52718 -1.288292 0.52218 1 P 0
L -1.288292 0.52218 -1.288292 0.51718 1 P 0
L -1.288292 0.51718 -1.283292 0.51218 1 P 0
L -1.283292 0.51218 -1.268292 0.51218 1 P 0
L -1.268292 0.51218 -1.263292 0.50718 1 P 0
L -1.263292 0.50718 -1.263292 0.50218 1 P 0
L -1.263292 0.50218 -1.268292 0.49718 1 P 0
L -1.268292 0.49718 -1.283292 0.49718 1 P 0
L -1.283292 0.49718 -1.288292 0.50218 1 P 0
L -1.288292 0.50218 -1.288292 0.50718 1 P 0
L -1.288292 0.50718 -1.283292 0.51218 1 P 0
L -1.234252 0.637795 -1.246063 0.637795 0 P 0
L -1.234252 0.692913 -1.246063 0.692913 0 P 0
L -1.180157 0.703976 -1.180157 0.733976 1 P 0
L -1.180157 0.733976 -1.205157 0.733976 1 P 0
L -1.205157 0.733976 -1.210157 0.728976 1 P 0
L -1.210157 0.728976 -1.210157 0.723976 1 P 0
L -1.210157 0.723976 -1.205157 0.718976 1 P 0
L -1.205157 0.718976 -1.180157 0.718976 1 P 0
L -1.205157 0.718976 -1.210157 0.713976 1 P 0
L -1.210157 0.713976 -1.210157 0.703976 1 P 0
L -1.250157 0.723976 -1.245157 0.718976 1 P 0
L -1.245157 0.718976 -1.230157 0.718976 1 P 0
L -1.230157 0.718976 -1.225157 0.723976 1 P 0
L -1.225157 0.723976 -1.225157 0.728976 1 P 0
L -1.225157 0.728976 -1.230157 0.733976 1 P 0
L -1.230157 0.733976 -1.245157 0.733976 1 P 0
L -1.245157 0.733976 -1.250157 0.728976 1 P 0
L -1.250157 0.728976 -1.250157 0.708976 1 P 0
L -1.250157 0.708976 -1.245157 0.703976 1 P 0
L -1.245157 0.703976 -1.230157 0.703976 1 P 0
L -1.290157 0.723976 -1.285157 0.718976 1 P 0
L -1.285157 0.718976 -1.270157 0.718976 1 P 0
L -1.270157 0.718976 -1.265157 0.723976 1 P 0
L -1.265157 0.723976 -1.265157 0.728976 1 P 0
L -1.265157 0.728976 -1.270157 0.733976 1 P 0
L -1.270157 0.733976 -1.285157 0.733976 1 P 0
L -1.285157 0.733976 -1.290157 0.728976 1 P 0
L -1.290157 0.728976 -1.290157 0.708976 1 P 0
L -1.290157 0.708976 -1.285157 0.703976 1 P 0
L -1.285157 0.703976 -1.270157 0.703976 1 P 0
L -1.279528 0.90748 -1.279528 0.895669 0 P 0
L -1.334646 0.90748 -1.334646 0.895669 0 P 0
L -1.207913 0.993386 -1.237913 0.993386 1 P 0
L -1.237913 0.993386 -1.237913 0.968386 1 P 0
L -1.237913 0.968386 -1.232913 0.963386 1 P 0
L -1.232913 0.963386 -1.227913 0.963386 1 P 0
L -1.227913 0.963386 -1.222913 0.968386 1 P 0
L -1.222913 0.968386 -1.222913 0.993386 1 P 0
L -1.222913 0.968386 -1.217913 0.963386 1 P 0
L -1.217913 0.963386 -1.207913 0.963386 1 P 0
L -1.227913 0.943386 -1.237913 0.933386 1 P 0
L -1.237913 0.933386 -1.207913 0.933386 1 P 0
L -1.212913 0.913386 -1.232913 0.913386 1 P 0
L -1.232913 0.913386 -1.237913 0.908386 1 P 0
L -1.237913 0.908386 -1.237913 0.888386 1 P 0
L -1.237913 0.888386 -1.232913 0.883386 1 P 0
L -1.232913 0.883386 -1.212913 0.883386 1 P 0
L -1.212913 0.883386 -1.207913 0.888386 1 P 0
L -1.207913 0.888386 -1.207913 0.908386 1 P 0
L -1.207913 0.908386 -1.212913 0.913386 1 P 0
L -1.207913 0.913386 -1.237913 0.883386 1 P 0
L -1.212913 0.873386 -1.232913 0.873386 1 P 0
L -1.232913 0.873386 -1.237913 0.868386 1 P 0
L -1.237913 0.868386 -1.237913 0.848386 1 P 0
L -1.237913 0.848386 -1.232913 0.843386 1 P 0
L -1.232913 0.843386 -1.212913 0.843386 1 P 0
L -1.212913 0.843386 -1.207913 0.848386 1 P 0
L -1.207913 0.848386 -1.207913 0.868386 1 P 0
L -1.207913 0.868386 -1.212913 0.873386 1 P 0
L -1.207913 0.873386 -1.237913 0.843386 1 P 0
L -1.722441 0.488189 -1.71063 0.488189 0 P 0
L -1.722441 0.433071 -1.71063 0.433071 0 P 0
L -1.812126 0.443189 -1.812126 0.473189 1 P 0
L -1.812126 0.473189 -1.837126 0.473189 1 P 0
L -1.837126 0.473189 -1.842126 0.468189 1 P 0
L -1.842126 0.468189 -1.842126 0.463189 1 P 0
L -1.842126 0.463189 -1.837126 0.458189 1 P 0
L -1.837126 0.458189 -1.812126 0.458189 1 P 0
L -1.837126 0.458189 -1.842126 0.453189 1 P 0
L -1.842126 0.453189 -1.842126 0.443189 1 P 0
L -1.862126 0.463189 -1.872126 0.473189 1 P 0
L -1.872126 0.473189 -1.872126 0.443189 1 P 0
L -1.892126 0.448189 -1.892126 0.468189 1 P 0
L -1.892126 0.468189 -1.897126 0.473189 1 P 0
L -1.897126 0.473189 -1.917126 0.473189 1 P 0
L -1.917126 0.473189 -1.922126 0.468189 1 P 0
L -1.922126 0.468189 -1.922126 0.448189 1 P 0
L -1.922126 0.448189 -1.917126 0.443189 1 P 0
L -1.917126 0.443189 -1.897126 0.443189 1 P 0
L -1.897126 0.443189 -1.892126 0.448189 1 P 0
L -1.892126 0.443189 -1.922126 0.473189 1 P 0
L -1.942126 0.463189 -1.952126 0.473189 1 P 0
L -1.952126 0.473189 -1.952126 0.443189 1 P 0
L -0.608268 0.440945 -0.620079 0.440945 0 P 0
L -0.608268 0.496063 -0.620079 0.496063 0 P 0
L -0.676732 0.463819 -0.676732 0.493819 1 P 0
L -0.676732 0.493819 -0.701732 0.493819 1 P 0
L -0.701732 0.493819 -0.706732 0.488819 1 P 0
L -0.706732 0.488819 -0.706732 0.483819 1 P 0
L -0.706732 0.483819 -0.701732 0.478819 1 P 0
L -0.701732 0.478819 -0.676732 0.478819 1 P 0
L -0.701732 0.478819 -0.706732 0.473819 1 P 0
L -0.706732 0.473819 -0.706732 0.463819 1 P 0
L -0.726732 0.483819 -0.736732 0.493819 1 P 0
L -0.736732 0.493819 -0.736732 0.463819 1 P 0
L -0.756732 0.468819 -0.756732 0.488819 1 P 0
L -0.756732 0.488819 -0.761732 0.493819 1 P 0
L -0.761732 0.493819 -0.781732 0.493819 1 P 0
L -0.781732 0.493819 -0.786732 0.488819 1 P 0
L -0.786732 0.488819 -0.786732 0.468819 1 P 0
L -0.786732 0.468819 -0.781732 0.463819 1 P 0
L -0.781732 0.463819 -0.761732 0.463819 1 P 0
L -0.761732 0.463819 -0.756732 0.468819 1 P 0
L -0.756732 0.463819 -0.786732 0.493819 1 P 0
L -0.801732 0.488819 -0.806732 0.493819 1 P 0
L -0.806732 0.493819 -0.821732 0.493819 1 P 0
L -0.821732 0.493819 -0.826732 0.488819 1 P 0
L -0.826732 0.488819 -0.826732 0.483819 1 P 0
L -0.826732 0.483819 -0.821732 0.478819 1 P 0
L -0.821732 0.478819 -0.806732 0.478819 1 P 0
L -0.806732 0.478819 -0.801732 0.473819 1 P 0
L -0.801732 0.473819 -0.801732 0.463819 1 P 0
L -0.801732 0.463819 -0.826732 0.463819 1 P 0
L -1.246063 0.094488 -1.234252 0.094488 0 P 0
L -1.246063 0.03937 -1.234252 0.03937 0 P 0
L -1.168031 0.096732 -1.168031 0.126732 1 P 0
L -1.168031 0.126732 -1.193031 0.126732 1 P 0
L -1.193031 0.126732 -1.198031 0.121732 1 P 0
L -1.198031 0.121732 -1.198031 0.116732 1 P 0
L -1.198031 0.116732 -1.193031 0.111732 1 P 0
L -1.193031 0.111732 -1.168031 0.111732 1 P 0
L -1.193031 0.111732 -1.198031 0.106732 1 P 0
L -1.198031 0.106732 -1.198031 0.096732 1 P 0
L -1.218031 0.116732 -1.228031 0.126732 1 P 0
L -1.228031 0.126732 -1.228031 0.096732 1 P 0
L -1.248031 0.101732 -1.248031 0.121732 1 P 0
L -1.248031 0.121732 -1.253031 0.126732 1 P 0
L -1.253031 0.126732 -1.273031 0.126732 1 P 0
L -1.273031 0.126732 -1.278031 0.121732 1 P 0
L -1.278031 0.121732 -1.278031 0.101732 1 P 0
L -1.278031 0.101732 -1.273031 0.096732 1 P 0
L -1.273031 0.096732 -1.253031 0.096732 1 P 0
L -1.253031 0.096732 -1.248031 0.101732 1 P 0
L -1.248031 0.096732 -1.278031 0.126732 1 P 0
L -1.298031 0.111732 -1.293031 0.116732 1 P 0
L -1.293031 0.116732 -1.293031 0.121732 1 P 0
L -1.293031 0.121732 -1.298031 0.126732 1 P 0
L -1.298031 0.126732 -1.313031 0.126732 1 P 0
L -1.313031 0.126732 -1.318031 0.121732 1 P 0
L -1.318031 0.121732 -1.318031 0.116732 1 P 0
L -1.318031 0.116732 -1.313031 0.111732 1 P 0
L -1.313031 0.111732 -1.298031 0.111732 1 P 0
L -1.298031 0.111732 -1.293031 0.106732 1 P 0
L -1.293031 0.106732 -1.293031 0.101732 1 P 0
L -1.293031 0.101732 -1.298031 0.096732 1 P 0
L -1.298031 0.096732 -1.313031 0.096732 1 P 0
L -1.313031 0.096732 -1.318031 0.101732 1 P 0
L -1.318031 0.101732 -1.318031 0.106732 1 P 0
L -1.318031 0.106732 -1.313031 0.111732 1 P 0
L -1.246063 -0.007874 -1.234252 -0.007874 0 P 0
L -1.246063 -0.062992 -1.234252 -0.062992 0 P 0
L -1.164094 -0.001693 -1.164094 0.028307 1 P 0
L -1.164094 0.028307 -1.189094 0.028307 1 P 0
L -1.189094 0.028307 -1.194094 0.023307 1 P 0
L -1.194094 0.023307 -1.194094 0.018307 1 P 0
L -1.194094 0.018307 -1.189094 0.013307 1 P 0
L -1.189094 0.013307 -1.164094 0.013307 1 P 0
L -1.189094 0.013307 -1.194094 0.008307 1 P 0
L -1.194094 0.008307 -1.194094 -0.001693 1 P 0
L -1.214094 0.018307 -1.224094 0.028307 1 P 0
L -1.224094 0.028307 -1.224094 -0.001693 1 P 0
L -1.244094 0.003307 -1.244094 0.023307 1 P 0
L -1.244094 0.023307 -1.249094 0.028307 1 P 0
L -1.249094 0.028307 -1.269094 0.028307 1 P 0
L -1.269094 0.028307 -1.274094 0.023307 1 P 0
L -1.274094 0.023307 -1.274094 0.003307 1 P 0
L -1.274094 0.003307 -1.269094 -0.001693 1 P 0
L -1.269094 -0.001693 -1.249094 -0.001693 1 P 0
L -1.249094 -0.001693 -1.244094 0.003307 1 P 0
L -1.244094 -0.001693 -1.274094 0.028307 1 P 0
L -1.314094 0.018307 -1.309094 0.013307 1 P 0
L -1.309094 0.013307 -1.294094 0.013307 1 P 0
L -1.294094 0.013307 -1.289094 0.018307 1 P 0
L -1.289094 0.018307 -1.289094 0.023307 1 P 0
L -1.289094 0.023307 -1.294094 0.028307 1 P 0
L -1.294094 0.028307 -1.309094 0.028307 1 P 0
L -1.309094 0.028307 -1.314094 0.023307 1 P 0
L -1.314094 0.023307 -1.314094 0.003307 1 P 0
L -1.314094 0.003307 -1.309094 -0.001693 1 P 0
L -1.309094 -0.001693 -1.294094 -0.001693 1 P 0
L -1.246063 -0.106299 -1.234252 -0.106299 0 P 0
L -1.246063 -0.161417 -1.234252 -0.161417 0 P 0
L -1.164094 -0.100118 -1.164094 -0.070118 1 P 0
L -1.164094 -0.070118 -1.189094 -0.070118 1 P 0
L -1.189094 -0.070118 -1.194094 -0.075118 1 P 0
L -1.194094 -0.075118 -1.194094 -0.080118 1 P 0
L -1.194094 -0.080118 -1.189094 -0.085118 1 P 0
L -1.189094 -0.085118 -1.164094 -0.085118 1 P 0
L -1.189094 -0.085118 -1.194094 -0.090118 1 P 0
L -1.194094 -0.090118 -1.194094 -0.100118 1 P 0
L -1.214094 -0.080118 -1.224094 -0.070118 1 P 0
L -1.224094 -0.070118 -1.224094 -0.100118 1 P 0
L -1.254094 -0.080118 -1.264094 -0.070118 1 P 0
L -1.264094 -0.070118 -1.264094 -0.100118 1 P 0
L -1.284094 -0.095118 -1.284094 -0.075118 1 P 0
L -1.284094 -0.075118 -1.289094 -0.070118 1 P 0
L -1.289094 -0.070118 -1.309094 -0.070118 1 P 0
L -1.309094 -0.070118 -1.314094 -0.075118 1 P 0
L -1.314094 -0.075118 -1.314094 -0.095118 1 P 0
L -1.314094 -0.095118 -1.309094 -0.100118 1 P 0
L -1.309094 -0.100118 -1.289094 -0.100118 1 P 0
L -1.289094 -0.100118 -1.284094 -0.095118 1 P 0
L -1.284094 -0.100118 -1.314094 -0.070118 1 P 0
L -1.246063 -0.307087 -1.234252 -0.307087 0 P 0
L -1.246063 -0.362205 -1.234252 -0.362205 0 P 0
L -0.982992 -0.352087 -0.982992 -0.322087 1 P 0
L -0.982992 -0.322087 -1.007992 -0.322087 1 P 0
L -1.007992 -0.322087 -1.012992 -0.327087 1 P 0
L -1.012992 -0.327087 -1.012992 -0.332087 1 P 0
L -1.012992 -0.332087 -1.007992 -0.337087 1 P 0
L -1.007992 -0.337087 -0.982992 -0.337087 1 P 0
L -1.007992 -0.337087 -1.012992 -0.342087 1 P 0
L -1.012992 -0.342087 -1.012992 -0.352087 1 P 0
L -1.032992 -0.332087 -1.042992 -0.322087 1 P 0
L -1.042992 -0.322087 -1.042992 -0.352087 1 P 0
L -1.072992 -0.332087 -1.082992 -0.322087 1 P 0
L -1.082992 -0.322087 -1.082992 -0.352087 1 P 0
L -1.107992 -0.327087 -1.112992 -0.322087 1 P 0
L -1.112992 -0.322087 -1.127992 -0.322087 1 P 0
L -1.127992 -0.322087 -1.132992 -0.327087 1 P 0
L -1.132992 -0.327087 -1.132992 -0.332087 1 P 0
L -1.132992 -0.332087 -1.127992 -0.337087 1 P 0
L -1.127992 -0.337087 -1.112992 -0.337087 1 P 0
L -1.112992 -0.337087 -1.107992 -0.342087 1 P 0
L -1.107992 -0.342087 -1.107992 -0.352087 1 P 0
L -1.107992 -0.352087 -1.132992 -0.352087 1 P 0
L -1.246063 -0.405512 -1.234252 -0.405512 0 P 0
L -1.246063 -0.46063 -1.234252 -0.46063 0 P 0
L -1.164094 -0.395394 -1.164094 -0.365394 1 P 0
L -1.164094 -0.365394 -1.189094 -0.365394 1 P 0
L -1.189094 -0.365394 -1.194094 -0.370394 1 P 0
L -1.194094 -0.370394 -1.194094 -0.375394 1 P 0
L -1.194094 -0.375394 -1.189094 -0.380394 1 P 0
L -1.189094 -0.380394 -1.164094 -0.380394 1 P 0
L -1.189094 -0.380394 -1.194094 -0.385394 1 P 0
L -1.194094 -0.385394 -1.194094 -0.395394 1 P 0
L -1.214094 -0.375394 -1.224094 -0.365394 1 P 0
L -1.224094 -0.365394 -1.224094 -0.395394 1 P 0
L -1.254094 -0.375394 -1.264094 -0.365394 1 P 0
L -1.264094 -0.365394 -1.264094 -0.395394 1 P 0
L -1.289094 -0.370394 -1.294094 -0.365394 1 P 0
L -1.294094 -0.365394 -1.309094 -0.365394 1 P 0
L -1.309094 -0.365394 -1.314094 -0.370394 1 P 0
L -1.314094 -0.370394 -1.314094 -0.375394 1 P 0
L -1.314094 -0.375394 -1.309094 -0.380394 1 P 0
L -1.309094 -0.380394 -1.314094 -0.385394 1 P 0
L -1.314094 -0.385394 -1.314094 -0.390394 1 P 0
L -1.314094 -0.390394 -1.309094 -0.395394 1 P 0
L -1.309094 -0.395394 -1.294094 -0.395394 1 P 0
L -1.294094 -0.395394 -1.289094 -0.390394 1 P 0
L -1.299094 -0.380394 -1.309094 -0.380394 1 P 0
L 0.982913 1.041709 0.982913 1.036709 1 P 0
L 0.982913 1.036709 0.977913 1.031709 1 P 0
L 0.977913 1.031709 0.957913 1.031709 1 P 0
L 0.957913 1.031709 0.952913 1.036709 1 P 0
L 0.952913 1.036709 0.952913 1.061709 1 P 0
L 0.932913 1.051709 0.922913 1.061709 1 P 0
L 0.922913 1.061709 0.922913 1.031709 1 P 0
L 0.258374 -0.685921 0.258374 0.182898 2 P 0
L 0.258374 0.182898 1.597657 0.182898 2 P 0
L 1.597657 0.182898 1.597657 -0.685921 2 P 0
L 1.597657 -0.685921 0.258374 -0.685921 2 P 0
L 1.569909 -0.653087 1.581909 -0.641087 2 P 0
L 1.581909 -0.665087 1.569909 -0.653087 2 P 0
L 1.516169 -0.216622 1.541169 -0.216622 1 P 0
L 1.541169 -0.216622 1.546169 -0.221622 1 P 0
L 1.546169 -0.221622 1.546169 -0.241622 1 P 0
L 1.546169 -0.241622 1.541169 -0.246622 1 P 0
L 1.541169 -0.246622 1.516169 -0.246622 1 P 0
L 1.526169 -0.266622 1.516169 -0.276622 1 P 0
L 1.516169 -0.276622 1.546169 -0.276622 1 P 0
L 0.627102 0.50989 0.627102 0.25789 1 P 0
L 0.627102 0.25789 0.490102 0.25789 1 P 0
L 0.490102 0.25789 0.490102 0.50989 1 P 0
L 0.490102 0.50989 0.626102 0.50989 1 P 0
L 0.490102 0.45689 0.482102 0.45689 1 P 0
L 0.482102 0.45689 0.482102 0.30789 1 P 0
L 0.482102 0.30789 0.489102 0.30789 1 P 0
L 0.475055 0.286173 0.475055 0.261173 1 P 0
L 0.475055 0.261173 0.470055 0.256173 1 P 0
L 0.470055 0.256173 0.450055 0.256173 1 P 0
L 0.450055 0.256173 0.445055 0.261173 1 P 0
L 0.445055 0.261173 0.445055 0.286173 1 P 0
L 0.430055 0.281173 0.425055 0.286173 1 P 0
L 0.425055 0.286173 0.410055 0.286173 1 P 0
L 0.410055 0.286173 0.405055 0.281173 1 P 0
L 0.405055 0.281173 0.405055 0.276173 1 P 0
L 0.405055 0.276173 0.410055 0.271173 1 P 0
L 0.410055 0.271173 0.405055 0.266173 1 P 0
L 0.405055 0.266173 0.405055 0.261173 1 P 0
L 0.405055 0.261173 0.410055 0.256173 1 P 0
L 0.410055 0.256173 0.425055 0.256173 1 P 0
L 0.425055 0.256173 0.430055 0.261173 1 P 0
L 0.420055 0.271173 0.410055 0.271173 1 P 0
L -0.776614 -1.036181 -0.781614 -1.041181 1 P 0
L -0.781614 -1.041181 -0.801614 -1.041181 1 P 0
L -0.801614 -1.041181 -0.806614 -1.036181 1 P 0
L -0.806614 -1.036181 -0.806614 -1.031181 1 P 0
L -0.806614 -1.031181 -0.801614 -1.026181 1 P 0
L -0.801614 -1.026181 -0.781614 -1.026181 1 P 0
L -0.781614 -1.026181 -0.776614 -1.021181 1 P 0
L -0.776614 -1.021181 -0.776614 -1.016181 1 P 0
L -0.776614 -1.016181 -0.781614 -1.011181 1 P 0
L -0.781614 -1.011181 -0.801614 -1.011181 1 P 0
L -0.801614 -1.011181 -0.806614 -1.016181 1 P 0
L -0.816614 -1.011181 -0.816614 -1.041181 1 P 0
L -0.816614 -1.041181 -0.831614 -1.026181 1 P 0
L -0.831614 -1.026181 -0.846614 -1.041181 1 P 0
L -0.846614 -1.041181 -0.846614 -1.011181 1 P 0
L -0.866614 -1.021181 -0.876614 -1.011181 1 P 0
L -0.876614 -1.011181 -0.876614 -1.041181 1 P 0
L 1.340157 0.454331 1.040157 0.454331 1 P 0
L 1.261654 0.551953 1.261654 0.546953 1 P 0
L 1.261654 0.546953 1.256654 0.541953 1 P 0
L 1.256654 0.541953 1.236654 0.541953 1 P 0
L 1.236654 0.541953 1.231654 0.546953 1 P 0
L 1.231654 0.546953 1.231654 0.571953 1 P 0
L 1.216654 0.566953 1.211654 0.571953 1 P 0
L 1.211654 0.571953 1.196654 0.571953 1 P 0
L 1.196654 0.571953 1.191654 0.566953 1 P 0
L 1.191654 0.566953 1.191654 0.561953 1 P 0
L 1.191654 0.561953 1.196654 0.556953 1 P 0
L 1.196654 0.556953 1.211654 0.556953 1 P 0
L 1.211654 0.556953 1.216654 0.551953 1 P 0
L 1.216654 0.551953 1.216654 0.541953 1 P 0
L 1.216654 0.541953 1.191654 0.541953 1 P 0
L 0.616732 -0.275472 0.641732 -0.325472 2 P 0
L 0.666732 -0.275472 0.641732 -0.325472 2 P 0
L 1.108398 -0.275472 0.529398 -0.275472 2 P 0
L 0.529398 -0.275472 0.529398 -0.004472 2 P 0
L 0.529398 -0.004472 1.108398 -0.004472 2 P 0
L 1.108398 -0.004472 1.108398 -0.275472 2 P 0
L 0.858898 0.018528 0.858898 0.013528 1 P 0
L 0.858898 0.013528 0.853898 0.008528 1 P 0
L 0.853898 0.008528 0.833898 0.008528 1 P 0
L 0.833898 0.008528 0.828898 0.013528 1 P 0
L 0.828898 0.013528 0.828898 0.038528 1 P 0
L 0.813898 0.033528 0.808898 0.038528 1 P 0
L 0.808898 0.038528 0.793898 0.038528 1 P 0
L 0.793898 0.038528 0.788898 0.033528 1 P 0
L 0.788898 0.033528 0.788898 0.028528 1 P 0
L 0.788898 0.028528 0.793898 0.023528 1 P 0
L 0.793898 0.023528 0.788898 0.018528 1 P 0
L 0.788898 0.018528 0.788898 0.013528 1 P 0
L 0.788898 0.013528 0.793898 0.008528 1 P 0
L 0.793898 0.008528 0.808898 0.008528 1 P 0
L 0.808898 0.008528 0.813898 0.013528 1 P 0
L 0.803898 0.023528 0.793898 0.023528 1 P 0
L -2.107677 -0.169173 -2.082677 -0.219173 2 P 0
L -2.057677 -0.169173 -2.082677 -0.219173 2 P 0
L -1.616012 -0.169173 -2.195012 -0.169173 2 P 0
L -2.195012 -0.169173 -2.195012 0.101827 2 P 0
L -2.195012 0.101827 -1.616012 0.101827 2 P 0
L -1.616012 0.101827 -1.616012 -0.169173 2 P 0
L -2.034803 0.164197 -2.034803 0.159197 1 P 0
L -2.034803 0.159197 -2.039803 0.154197 1 P 0
L -2.039803 0.154197 -2.059803 0.154197 1 P 0
L -2.059803 0.154197 -2.064803 0.159197 1 P 0
L -2.064803 0.159197 -2.064803 0.184197 1 P 0
L -2.104803 0.164197 -2.074803 0.164197 1 P 0
L -2.074803 0.164197 -2.094803 0.184197 1 P 0
L -2.094803 0.184197 -2.094803 0.154197 1 P 0
L 0.222441 -0.980512 0.344488 -0.980512 0 P 0
L 0.344488 -0.980512 0.344488 -1.177362 0 P 0
L 0.344488 -1.177362 0.222441 -1.177362 0 P 0
L 0.222441 -1.177362 0.222441 -0.980512 0 P 0
L 0.331339 -0.884213 0.331339 -0.909213 1 P 0
L 0.331339 -0.909213 0.326339 -0.914213 1 P 0
L 0.326339 -0.914213 0.306339 -0.914213 1 P 0
L 0.306339 -0.914213 0.301339 -0.909213 1 P 0
L 0.301339 -0.909213 0.301339 -0.884213 1 P 0
L 0.261339 -0.904213 0.291339 -0.904213 1 P 0
L 0.291339 -0.904213 0.271339 -0.884213 1 P 0
L 0.271339 -0.884213 0.271339 -0.914213 1 P 0
L -0.905512 -0.198228 -0.935512 -0.198228 1 P 0
L -0.920512 -0.188228 -0.920512 -0.208228 1 P 0
L -0.975512 -0.183228 -0.950512 -0.183228 1 P 0
L -0.950512 -0.183228 -0.950512 -0.193228 1 P 0
L -0.950512 -0.193228 -0.970512 -0.193228 1 P 0
L -0.970512 -0.193228 -0.975512 -0.198228 1 P 0
L -0.975512 -0.198228 -0.975512 -0.208228 1 P 0
L -0.975512 -0.208228 -0.970512 -0.213228 1 P 0
L -0.970512 -0.213228 -0.955512 -0.213228 1 P 0
L -0.955512 -0.213228 -0.950512 -0.208228 1 P 0
L -0.985512 -0.193228 -1.000512 -0.213228 1 P 0
L -1.000512 -0.213228 -1.015512 -0.193228 1 P 0
L -0.705039 -0.185669 -0.725039 -0.165669 1 P 0
L -0.725039 -0.165669 -0.725039 -0.225669 1 P 0
L 1.597 0.753 1.597 0.789 1 P 0
L 1.597 0.789 1.56575 0.789 1 P 0
L 1.56575 0.789 1.5595 0.783 1 P 0
L 1.5595 0.783 1.5595 0.777 1 P 0
L 1.5595 0.777 1.56575 0.771 1 P 0
L 1.56575 0.771 1.597 0.771 1 P 0
L 1.547 0.777 1.5345 0.789 1 P 0
L 1.5345 0.789 1.522 0.789 1 P 0
L 1.522 0.789 1.5095 0.777 1 P 0
L 1.5095 0.777 1.5095 0.765 1 P 0
L 1.5095 0.765 1.522 0.753 1 P 0
L 1.522 0.753 1.5345 0.753 1 P 0
L 1.5345 0.753 1.547 0.765 1 P 0
L 1.547 0.765 1.547 0.777 1 P 0
L 1.497 0.789 1.497 0.753 1 P 0
L 1.497 0.753 1.47825 0.771 1 P 0
L 1.47825 0.771 1.4595 0.753 1 P 0
L 1.4595 0.753 1.4595 0.789 1 P 0
L 1.4095 0.753 1.447 0.753 1 P 0
L 1.447 0.753 1.447 0.789 1 P 0
L 1.447 0.789 1.4095 0.789 1 P 0
L 1.447 0.771 1.422 0.771 1 P 0
L 1.397 0.753 1.397 0.789 1 P 0
L 1.397 0.789 1.36575 0.789 1 P 0
L 1.36575 0.789 1.3595 0.783 1 P 0
L 1.3595 0.783 1.3595 0.777 1 P 0
L 1.3595 0.777 1.36575 0.771 1 P 0
L 1.36575 0.771 1.397 0.771 1 P 0
L 1.36575 0.771 1.3595 0.765 1 P 0
L 1.3595 0.765 1.3595 0.753 1 P 0
L 1.212 -0.626 0.469937 -0.626 1 P 0
L 1.216 0.124 0.469 0.124 1 P 0
L 0.469 0.122637 0.469 -0.624 1 P 0
L 1.216 0.12 1.363 -0.105 1 P 0
L 1.363 -0.105 1.361 -0.375 1 P 0
L 1.361 -0.376 1.21 -0.629 1 P 0
L 1.28 -0.485 1.238 -0.44 1 P 0
L 1.238 -0.485 1.28 -0.44 1 P 0
L 1.238 -0.425 1.28 -0.425 1 P 0
L 1.28 -0.425 1.28 -0.3875 1 P 0
L 1.28 -0.3875 1.273 -0.38 1 P 0
L 1.273 -0.38 1.266 -0.38 1 P 0
L 1.266 -0.38 1.259 -0.3875 1 P 0
L 1.259 -0.3875 1.252 -0.38 1 P 0
L 1.252 -0.38 1.245 -0.38 1 P 0
L 1.245 -0.38 1.238 -0.3875 1 P 0
L 1.238 -0.3875 1.238 -0.425 1 P 0
L 1.259 -0.425 1.259 -0.3875 1 P 0
L 1.252 -0.365 1.252 -0.32 1 P 0
L 1.252 -0.32 1.259 -0.32 1 P 0
L 1.259 -0.32 1.266 -0.3275 1 P 0
L 1.266 -0.3275 1.266 -0.3575 1 P 0
L 1.266 -0.3575 1.259 -0.365 1 P 0
L 1.259 -0.365 1.245 -0.365 1 P 0
L 1.245 -0.365 1.238 -0.3575 1 P 0
L 1.238 -0.3575 1.238 -0.3275 1 P 0
L 1.252 -0.305 1.252 -0.26 1 P 0
L 1.252 -0.26 1.259 -0.26 1 P 0
L 1.259 -0.26 1.266 -0.2675 1 P 0
L 1.266 -0.2675 1.266 -0.2975 1 P 0
L 1.266 -0.2975 1.259 -0.305 1 P 0
L 1.259 -0.305 1.245 -0.305 1 P 0
L 1.245 -0.305 1.238 -0.2975 1 P 0
L 1.238 -0.2975 1.238 -0.2675 1 P 0
L 1.238 -0.185 1.28 -0.185 1 P 0
L 1.28 -0.185 1.28 -0.1475 1 P 0
L 1.28 -0.1475 1.273 -0.14 1 P 0
L 1.273 -0.14 1.266 -0.14 1 P 0
L 1.266 -0.14 1.259 -0.1475 1 P 0
L 1.259 -0.1475 1.259 -0.185 1 P 0
L 1.238 -0.125 1.266 -0.125 1 P 0
L 1.259 -0.125 1.266 -0.1175 1 P 0
L 1.266 -0.1175 1.266 -0.0875 1 P 0
L 1.266 -0.0875 1.259 -0.08 1 P 0
L 1.259 -0.065 1.266 -0.0575 1 P 0
L 1.266 -0.0575 1.266 -0.0275 1 P 0
L 1.266 -0.0275 1.259 -0.02 1 P 0
L 1.259 -0.02 1.245 -0.02 1 P 0
L 1.245 -0.02 1.238 -0.0275 1 P 0
L 1.238 -0.0275 1.238 -0.0575 1 P 0
L 1.238 -0.0575 1.245 -0.065 1 P 0
L 1.245 -0.065 1.259 -0.065 1 P 0
L 1.208 -0.573 1.193 -0.559 1 P 0
L 1.193 -0.559 1.193 -0.601 1 P 0
L 1.2485 0.071 1.241 0.078 1 P 0
L 1.241 0.078 1.2185 0.078 1 P 0
L 1.2185 0.078 1.211 0.071 1 P 0
L 1.211 0.071 1.211 0.064 1 P 0
L 1.211 0.064 1.2185 0.057 1 P 0
L 1.2185 0.057 1.241 0.057 1 P 0
L 1.241 0.057 1.2485 0.05 1 P 0
L 1.2485 0.05 1.2485 0.036 1 P 0
L 1.2485 0.036 1.211 0.036 1 P 0
L 1.196 0.043 1.196 0.071 1 P 0
L 1.196 0.071 1.1885 0.078 1 P 0
L 1.1885 0.078 1.1585 0.078 1 P 0
L 1.1585 0.078 1.151 0.071 1 P 0
L 1.151 0.071 1.151 0.043 1 P 0
L 1.151 0.043 1.1585 0.036 1 P 0
L 1.1585 0.036 1.1885 0.036 1 P 0
L 1.1885 0.036 1.196 0.043 1 P 0
L 1.196 0.036 1.151 0.078 1 P 0
L -1.245535 -0.914441 -1.233724 -0.914441 0 P 0
L -1.245535 -0.969559 -1.233724 -0.969559 0 P 0
L -1.07963 -0.932496 -1.07963 -0.902496 1 P 0
L -1.07963 -0.902496 -1.10463 -0.902496 1 P 0
L -1.10463 -0.902496 -1.10963 -0.907496 1 P 0
L -1.10963 -0.907496 -1.10963 -0.912496 1 P 0
L -1.10963 -0.912496 -1.10463 -0.917496 1 P 0
L -1.10463 -0.917496 -1.07963 -0.917496 1 P 0
L -1.10463 -0.917496 -1.10963 -0.922496 1 P 0
L -1.10963 -0.922496 -1.10963 -0.932496 1 P 0
L -1.14963 -0.907496 -1.14463 -0.902496 1 P 0
L -1.14463 -0.902496 -1.12963 -0.902496 1 P 0
L -1.12963 -0.902496 -1.12463 -0.907496 1 P 0
L -1.12463 -0.907496 -1.12463 -0.927496 1 P 0
L -1.12463 -0.927496 -1.12963 -0.932496 1 P 0
L -1.12963 -0.932496 -1.14463 -0.932496 1 P 0
L -1.14463 -0.932496 -1.14963 -0.927496 1 P 0
L -1.14963 -0.927496 -1.14963 -0.922496 1 P 0
L -1.14963 -0.922496 -1.14463 -0.917496 1 P 0
L -1.14463 -0.917496 -1.12463 -0.917496 1 P 0
L -1.270535 -0.990441 -1.258724 -0.990441 0 P 0
L -1.270535 -1.045559 -1.258724 -1.045559 0 P 0
L -1.22463 -1.103496 -1.22463 -1.073496 1 P 0
L -1.22463 -1.073496 -1.24963 -1.073496 1 P 0
L -1.24963 -1.073496 -1.25463 -1.078496 1 P 0
L -1.25463 -1.078496 -1.25463 -1.083496 1 P 0
L -1.25463 -1.083496 -1.24963 -1.088496 1 P 0
L -1.24963 -1.088496 -1.22463 -1.088496 1 P 0
L -1.24963 -1.088496 -1.25463 -1.093496 1 P 0
L -1.25463 -1.093496 -1.25463 -1.103496 1 P 0
L -1.26963 -1.073496 -1.29463 -1.073496 1 P 0
L -1.29463 -1.073496 -1.29463 -1.078496 1 P 0
L -1.29463 -1.078496 -1.26963 -1.103496 1 P 0
L -0.201992 0.98163 -0.201992 0.78478 1 P 0
L 0.16415 0.98163 -0.201992 0.98163 1 P 0
L 0.16415 0.78478 0.16415 0.98163 1 P 0
L -0.201992 0.78478 0.16415 0.78478 1 P 0
L -0.949213 -0.25315 -0.949213 -0.55415 1 P 0
L -0.749213 -0.25315 -0.949213 -0.25315 1 P 0
L -0.749213 -0.55415 -0.749213 -0.25315 1 P 0
L -0.949213 -0.55415 -0.749213 -0.55415 1 P 0
L 0.42126 1.057087 0.42126 0.651575 1 P 0
L 0.874016 1.057087 0.42126 1.057087 1 P 0
L 0.874016 0.651575 0.874016 1.057087 1 P 0
L 0.42126 0.651575 0.874016 0.651575 1 P 0
L 1.040157 0.504331 1.040157 0.254331 1 P 0
L 1.340157 0.504331 1.040157 0.504331 1 P 0
L 1.340157 0.254331 1.340157 0.504331 1 P 0
L 1.040157 0.254331 1.340157 0.254331 1 P 0
A -0.860174 0.84237 -0.860174 0.84237 -0.634559 0.84237 1 P 0 Y
A -0.186244 0.961945 -0.186244 0.961945 -0.182307 0.961945 1 P 0 Y
A 1.249016 -0.905512 1.249016 -0.905512 1.253937 -0.905512 3 P 0 Y
A -0.064134 -0.06189 -0.064134 -0.06189 -0.052323 -0.06189 4 P 0 Y
A -0.011969 -0.16622 -0.011969 -0.16622 -0.007047 -0.16622 3 P 0 Y
A -0.758858 0.625984 -0.758858 0.625984 -0.753937 0.625984 3 P 0 Y
A 0.847197 -0.805613 0.847197 -0.805613 0.851197 -0.805613 1 P 0 Y
A 0.189961 -0.484252 0.189961 -0.484252 0.194882 -0.484252 3 P 0 Y
A -0.802808 -0.814819 -0.802808 -0.814819 -0.351701 -0.814819 1 P 0 Y
A 0.235236 0.659449 0.235236 0.659449 0.240157 0.659449 3 P 0 Y
A 0.867126 0.661511 0.867126 0.661511 0.872047 0.661511 3 P 0 Y
A 0.150591 -1.187205 0.150591 -1.187205 0.155512 -1.187205 3 P 0 Y
A 0.25 -1.137992 0.25 -1.137992 0.261811 -1.137992 4 P 0 Y
