# XDBGEN converter version 211
#bottomsilk
$0 r7.874016
$1 r8
$2 r9.84252
$3 r23.622047
@0 .geometry
@1 .drill
@2 .pad_usage
&0  
L 1.257874 1.665441 1.246063 1.665441 0 P 0
L 1.257874 1.720559 1.246063 1.720559 0 P 0
L 1.357315 1.748614 1.327315 1.748614 1 P 0
L 1.327315 1.748614 1.327315 1.723614 1 P 0
L 1.327315 1.723614 1.332315 1.718614 1 P 0
L 1.332315 1.718614 1.337315 1.718614 1 P 0
L 1.337315 1.718614 1.342315 1.723614 1 P 0
L 1.342315 1.723614 1.342315 1.748614 1 P 0
L 1.342315 1.723614 1.347315 1.718614 1 P 0
L 1.347315 1.718614 1.357315 1.718614 1 P 0
L 1.337315 1.698614 1.327315 1.688614 1 P 0
L 1.327315 1.688614 1.357315 1.688614 1 P 0
L 1.352315 1.668614 1.332315 1.668614 1 P 0
L 1.332315 1.668614 1.327315 1.663614 1 P 0
L 1.327315 1.663614 1.327315 1.643614 1 P 0
L 1.327315 1.643614 1.332315 1.638614 1 P 0
L 1.332315 1.638614 1.352315 1.638614 1 P 0
L 1.352315 1.638614 1.357315 1.643614 1 P 0
L 1.357315 1.643614 1.357315 1.663614 1 P 0
L 1.357315 1.663614 1.352315 1.668614 1 P 0
L 1.357315 1.668614 1.327315 1.638614 1 P 0
L 1.257874 1.765441 1.246063 1.765441 0 P 0
L 1.257874 1.820559 1.246063 1.820559 0 P 0
L 1.357905 1.858054 1.327905 1.858054 1 P 0
L 1.327905 1.858054 1.327905 1.833054 1 P 0
L 1.327905 1.833054 1.332905 1.828054 1 P 0
L 1.332905 1.828054 1.337905 1.828054 1 P 0
L 1.337905 1.828054 1.342905 1.833054 1 P 0
L 1.342905 1.833054 1.342905 1.858054 1 P 0
L 1.342905 1.833054 1.347905 1.828054 1 P 0
L 1.347905 1.828054 1.357905 1.828054 1 P 0
L 1.337905 1.808054 1.327905 1.798054 1 P 0
L 1.327905 1.798054 1.357905 1.798054 1 P 0
L 1.337905 1.768054 1.327905 1.758054 1 P 0
L 1.327905 1.758054 1.357905 1.758054 1 P 0
L 1.257874 1.860441 1.246063 1.860441 0 P 0
L 1.257874 1.915559 1.246063 1.915559 0 P 0
L 1.357539 1.989096 1.327539 1.989096 1 P 0
L 1.327539 1.989096 1.327539 1.964096 1 P 0
L 1.327539 1.964096 1.332539 1.959096 1 P 0
L 1.332539 1.959096 1.337539 1.959096 1 P 0
L 1.337539 1.959096 1.342539 1.964096 1 P 0
L 1.342539 1.964096 1.342539 1.989096 1 P 0
L 1.342539 1.964096 1.347539 1.959096 1 P 0
L 1.347539 1.959096 1.357539 1.959096 1 P 0
L 1.337539 1.939096 1.327539 1.929096 1 P 0
L 1.327539 1.929096 1.357539 1.929096 1 P 0
L 1.332539 1.904096 1.327539 1.899096 1 P 0
L 1.327539 1.899096 1.327539 1.884096 1 P 0
L 1.327539 1.884096 1.332539 1.879096 1 P 0
L 1.332539 1.879096 1.337539 1.879096 1 P 0
L 1.337539 1.879096 1.342539 1.884096 1 P 0
L 1.342539 1.884096 1.347539 1.879096 1 P 0
L 1.347539 1.879096 1.352539 1.879096 1 P 0
L 1.352539 1.879096 1.357539 1.884096 1 P 0
L 1.357539 1.884096 1.357539 1.899096 1 P 0
L 1.357539 1.899096 1.352539 1.904096 1 P 0
L 1.342539 1.894096 1.342539 1.884096 1 P 0
L 1.257874 1.57174 1.246063 1.57174 0 P 0
L 1.257874 1.626858 1.246063 1.626858 0 P 0
L 1.229858 1.505244 1.229858 1.535244 1 P 0
L 1.229858 1.535244 1.204858 1.535244 1 P 0
L 1.204858 1.535244 1.199858 1.530244 1 P 0
L 1.199858 1.530244 1.199858 1.525244 1 P 0
L 1.199858 1.525244 1.204858 1.520244 1 P 0
L 1.204858 1.520244 1.229858 1.520244 1 P 0
L 1.204858 1.520244 1.199858 1.515244 1 P 0
L 1.199858 1.515244 1.199858 1.505244 1 P 0
L 1.159858 1.525244 1.164858 1.520244 1 P 0
L 1.164858 1.520244 1.179858 1.520244 1 P 0
L 1.179858 1.520244 1.184858 1.525244 1 P 0
L 1.184858 1.525244 1.184858 1.530244 1 P 0
L 1.184858 1.530244 1.179858 1.535244 1 P 0
L 1.179858 1.535244 1.164858 1.535244 1 P 0
L 1.164858 1.535244 1.159858 1.530244 1 P 0
L 1.159858 1.530244 1.159858 1.510244 1 P 0
L 1.159858 1.510244 1.164858 1.505244 1 P 0
L 1.164858 1.505244 1.179858 1.505244 1 P 0
L 1.139858 1.525244 1.129858 1.535244 1 P 0
L 1.129858 1.535244 1.129858 1.505244 1 P 0
L 0.139 0.269 0.139 0.521 1 P 0
L 0.139 0.521 0.276 0.521 1 P 0
L 0.276 0.521 0.276 0.269 1 P 0
L 0.276 0.269 0.14 0.269 1 P 0
L 0.276 0.322 0.284 0.322 1 P 0
L 0.284 0.322 0.284 0.471 1 P 0
L 0.284 0.471 0.277 0.471 1 P 0
L 0.353434 0.618701 0.353434 0.593701 1 P 0
L 0.353434 0.593701 0.345934 0.588701 1 P 0
L 0.345934 0.588701 0.315934 0.588701 1 P 0
L 0.315934 0.588701 0.308434 0.593701 1 P 0
L 0.308434 0.593701 0.308434 0.618701 1 P 0
L 0.285934 0.613701 0.278434 0.618701 1 P 0
L 0.278434 0.618701 0.255934 0.618701 1 P 0
L 0.255934 0.618701 0.248434 0.613701 1 P 0
L 0.248434 0.613701 0.248434 0.608701 1 P 0
L 0.248434 0.608701 0.255934 0.603701 1 P 0
L 0.255934 0.603701 0.278434 0.603701 1 P 0
L 0.278434 0.603701 0.285934 0.598701 1 P 0
L 0.285934 0.598701 0.285934 0.588701 1 P 0
L 0.285934 0.588701 0.248434 0.588701 1 P 0
L 0.356646 0.192748 0.356646 0.05889 0 P 0
L 0.437354 0.192748 0.437354 0.05889 0 P 0
L 0.481331 0.154028 0.486331 0.159028 1 P 0
L 0.486331 0.159028 0.486331 0.174028 1 P 0
L 0.486331 0.174028 0.476331 0.184028 1 P 0
L 0.476331 0.184028 0.466331 0.184028 1 P 0
L 0.466331 0.184028 0.456331 0.174028 1 P 0
L 0.456331 0.174028 0.456331 0.159028 1 P 0
L 0.456331 0.159028 0.461331 0.154028 1 P 0
L 0.476331 0.114028 0.476331 0.144028 1 P 0
L 0.476331 0.144028 0.456331 0.124028 1 P 0
L 0.456331 0.124028 0.486331 0.124028 1 P 0
L 0.476378 1.708661 0.476378 1.677165 0 P 0
L 0.622913 1.692354 0.622913 1.722354 1 P 0
L 0.622913 1.722354 0.597913 1.722354 1 P 0
L 0.597913 1.722354 0.592913 1.717354 1 P 0
L 0.592913 1.717354 0.592913 1.712354 1 P 0
L 0.592913 1.712354 0.597913 1.707354 1 P 0
L 0.597913 1.707354 0.622913 1.707354 1 P 0
L 0.597913 1.707354 0.592913 1.702354 1 P 0
L 0.592913 1.702354 0.592913 1.692354 1 P 0
L 0.572913 1.712354 0.562913 1.722354 1 P 0
L 0.562913 1.722354 0.562913 1.692354 1 P 0
L 0.417016 1.653795 0.399016 1.653795 1 P 0
L 0.417016 1.621795 0.399016 1.621795 1 P 0
L 0.308016 1.639795 0.313016 1.634795 1 P 0
L 0.313016 1.634795 0.328016 1.634795 1 P 0
L 0.328016 1.634795 0.338016 1.644795 1 P 0
L 0.338016 1.644795 0.338016 1.654795 1 P 0
L 0.338016 1.654795 0.328016 1.664795 1 P 0
L 0.328016 1.664795 0.313016 1.664795 1 P 0
L 0.313016 1.664795 0.308016 1.659795 1 P 0
L 0.268016 1.664795 0.293016 1.664795 1 P 0
L 0.293016 1.664795 0.293016 1.654795 1 P 0
L 0.293016 1.654795 0.273016 1.654795 1 P 0
L 0.273016 1.654795 0.268016 1.649795 1 P 0
L 0.268016 1.649795 0.268016 1.639795 1 P 0
L 0.268016 1.639795 0.273016 1.634795 1 P 0
L 0.273016 1.634795 0.288016 1.634795 1 P 0
L 0.288016 1.634795 0.293016 1.639795 1 P 0
L 0.624016 1.25 0.383858 1.25 0 P 0
L 0.383858 1.25 0.383858 1.490157 0 P 0
L 0.383858 1.490157 0.624016 1.490157 0 P 0
L 0.624016 1.490157 0.624016 1.25 0 P 0
L 0.809937 1.551079 0.809937 1.526079 1 P 0
L 0.809937 1.526079 0.804937 1.521079 1 P 0
L 0.804937 1.521079 0.784937 1.521079 1 P 0
L 0.784937 1.521079 0.779937 1.526079 1 P 0
L 0.779937 1.526079 0.779937 1.551079 1 P 0
L 0.764937 1.546079 0.759937 1.551079 1 P 0
L 0.759937 1.551079 0.744937 1.551079 1 P 0
L 0.744937 1.551079 0.739937 1.546079 1 P 0
L 0.739937 1.546079 0.739937 1.541079 1 P 0
L 0.739937 1.541079 0.744937 1.536079 1 P 0
L 0.744937 1.536079 0.739937 1.531079 1 P 0
L 0.739937 1.531079 0.739937 1.526079 1 P 0
L 0.739937 1.526079 0.744937 1.521079 1 P 0
L 0.744937 1.521079 0.759937 1.521079 1 P 0
L 0.759937 1.521079 0.764937 1.526079 1 P 0
L 0.754937 1.536079 0.744937 1.536079 1 P 0
L 0.793701 1.463386 0.793701 1.163386 1 P 0
L 0.793701 1.163386 0.843701 1.113386 1 P 0
L 0.843701 1.113386 0.943701 1.113386 1 P 0
L 0.943701 1.113386 0.993701 1.163386 1 P 0
L 0.993701 1.163386 0.993701 1.463386 1 P 0
L 0.993701 1.463386 0.943701 1.513386 1 P 0
L 0.943701 1.513386 0.843701 1.513386 1 P 0
L 0.843701 1.513386 0.793701 1.463386 1 P 0
L 0.812732 1.635354 0.842732 1.605354 1 P 0
L 0.842732 1.635354 0.812732 1.605354 1 P 0
L 0.817732 1.590354 0.812732 1.585354 1 P 0
L 0.812732 1.585354 0.812732 1.570354 1 P 0
L 0.812732 1.570354 0.817732 1.565354 1 P 0
L 0.817732 1.565354 0.822732 1.565354 1 P 0
L 0.822732 1.565354 0.827732 1.570354 1 P 0
L 0.827732 1.570354 0.827732 1.585354 1 P 0
L 0.827732 1.585354 0.832732 1.590354 1 P 0
L 0.832732 1.590354 0.842732 1.590354 1 P 0
L 0.842732 1.590354 0.842732 1.565354 1 P 0
L 0.968504 1.677165 1 1.677165 0 P 0
L 0.94263 1.706417 0.91263 1.706417 1 P 0
L 0.91263 1.706417 0.91263 1.681417 1 P 0
L 0.91263 1.681417 0.91763 1.676417 1 P 0
L 0.91763 1.676417 0.92263 1.676417 1 P 0
L 0.92263 1.676417 0.92763 1.681417 1 P 0
L 0.92763 1.681417 0.92763 1.706417 1 P 0
L 0.92763 1.681417 0.93263 1.676417 1 P 0
L 0.93263 1.676417 0.94263 1.676417 1 P 0
L 0.91763 1.636417 0.91263 1.641417 1 P 0
L 0.91263 1.641417 0.91263 1.656417 1 P 0
L 0.91263 1.656417 0.91763 1.661417 1 P 0
L 0.91763 1.661417 0.93763 1.661417 1 P 0
L 0.93763 1.661417 0.94263 1.656417 1 P 0
L 0.94263 1.656417 0.94263 1.641417 1 P 0
L 0.94263 1.641417 0.93763 1.636417 1 P 0
L 0.93763 1.636417 0.93263 1.636417 1 P 0
L 0.93263 1.636417 0.92763 1.641417 1 P 0
L 0.92763 1.641417 0.92763 1.661417 1 P 0
L 0.95611 0.889181 0.924614 0.889181 0 P 0
L 1.003735 0.862244 0.973735 0.862244 1 P 0
L 0.973735 0.862244 0.973735 0.837244 1 P 0
L 0.973735 0.837244 0.978735 0.832244 1 P 0
L 0.978735 0.832244 0.983735 0.832244 1 P 0
L 0.983735 0.832244 0.988735 0.837244 1 P 0
L 0.988735 0.837244 0.988735 0.862244 1 P 0
L 0.988735 0.837244 0.993735 0.832244 1 P 0
L 0.993735 0.832244 1.003735 0.832244 1 P 0
L 0.973735 0.817244 0.973735 0.792244 1 P 0
L 0.973735 0.792244 0.978735 0.792244 1 P 0
L 0.978735 0.792244 1.003735 0.817244 1 P 0
L 0.846457 1 0.877953 1 0 P 0
L 0.8732 0.836622 0.8432 0.836622 1 P 0
L 0.8432 0.836622 0.8432 0.811622 1 P 0
L 0.8432 0.811622 0.8482 0.806622 1 P 0
L 0.8482 0.806622 0.8532 0.806622 1 P 0
L 0.8532 0.806622 0.8582 0.811622 1 P 0
L 0.8582 0.811622 0.8582 0.836622 1 P 0
L 0.8582 0.811622 0.8632 0.806622 1 P 0
L 0.8632 0.806622 0.8732 0.806622 1 P 0
L 0.8582 0.786622 0.8532 0.791622 1 P 0
L 0.8532 0.791622 0.8482 0.791622 1 P 0
L 0.8482 0.791622 0.8432 0.786622 1 P 0
L 0.8432 0.786622 0.8432 0.771622 1 P 0
L 0.8432 0.771622 0.8482 0.766622 1 P 0
L 0.8482 0.766622 0.8532 0.766622 1 P 0
L 0.8532 0.766622 0.8582 0.771622 1 P 0
L 0.8582 0.771622 0.8582 0.786622 1 P 0
L 0.8582 0.786622 0.8632 0.791622 1 P 0
L 0.8632 0.791622 0.8682 0.791622 1 P 0
L 0.8682 0.791622 0.8732 0.786622 1 P 0
L 0.8732 0.786622 0.8732 0.771622 1 P 0
L 0.8732 0.771622 0.8682 0.766622 1 P 0
L 0.8682 0.766622 0.8632 0.766622 1 P 0
L 0.8632 0.766622 0.8582 0.771622 1 P 0
L 0.69685 0.96063 0.728346 0.96063 0 P 0
L 0.684606 0.897992 0.654606 0.897992 1 P 0
L 0.654606 0.897992 0.654606 0.872992 1 P 0
L 0.654606 0.872992 0.659606 0.867992 1 P 0
L 0.659606 0.867992 0.664606 0.867992 1 P 0
L 0.664606 0.867992 0.669606 0.872992 1 P 0
L 0.669606 0.872992 0.669606 0.897992 1 P 0
L 0.669606 0.872992 0.674606 0.867992 1 P 0
L 0.674606 0.867992 0.684606 0.867992 1 P 0
L 0.664606 0.827992 0.669606 0.832992 1 P 0
L 0.669606 0.832992 0.669606 0.847992 1 P 0
L 0.669606 0.847992 0.664606 0.852992 1 P 0
L 0.664606 0.852992 0.659606 0.852992 1 P 0
L 0.659606 0.852992 0.654606 0.847992 1 P 0
L 0.654606 0.847992 0.654606 0.832992 1 P 0
L 0.654606 0.832992 0.659606 0.827992 1 P 0
L 0.659606 0.827992 0.679606 0.827992 1 P 0
L 0.679606 0.827992 0.684606 0.832992 1 P 0
L 0.684606 0.832992 0.684606 0.847992 1 P 0
L 1.153543 1.090551 1.122047 1.090551 0 P 0
L 1.151299 1.016693 1.121299 1.016693 1 P 0
L 1.121299 1.016693 1.121299 0.991693 1 P 0
L 1.121299 0.991693 1.126299 0.986693 1 P 0
L 1.126299 0.986693 1.131299 0.986693 1 P 0
L 1.131299 0.986693 1.136299 0.991693 1 P 0
L 1.136299 0.991693 1.136299 1.016693 1 P 0
L 1.136299 0.991693 1.141299 0.986693 1 P 0
L 1.141299 0.986693 1.151299 0.986693 1 P 0
L 1.131299 0.966693 1.121299 0.956693 1 P 0
L 1.121299 0.956693 1.151299 0.956693 1 P 0
L 1.136299 0.926693 1.131299 0.931693 1 P 0
L 1.131299 0.931693 1.126299 0.931693 1 P 0
L 1.126299 0.931693 1.121299 0.926693 1 P 0
L 1.121299 0.926693 1.121299 0.911693 1 P 0
L 1.121299 0.911693 1.126299 0.906693 1 P 0
L 1.126299 0.906693 1.131299 0.906693 1 P 0
L 1.131299 0.906693 1.136299 0.911693 1 P 0
L 1.136299 0.911693 1.136299 0.926693 1 P 0
L 1.136299 0.926693 1.141299 0.931693 1 P 0
L 1.141299 0.931693 1.146299 0.931693 1 P 0
L 1.146299 0.931693 1.151299 0.926693 1 P 0
L 1.151299 0.926693 1.151299 0.911693 1 P 0
L 1.151299 0.911693 1.146299 0.906693 1 P 0
L 1.146299 0.906693 1.141299 0.906693 1 P 0
L 1.141299 0.906693 1.136299 0.911693 1 P 0
L 0.799213 1 0.767717 1 0 P 0
L 0.76585 1.060173 0.76585 1.090173 1 P 0
L 0.76585 1.090173 0.74085 1.090173 1 P 0
L 0.74085 1.090173 0.73585 1.085173 1 P 0
L 0.73585 1.085173 0.73585 1.080173 1 P 0
L 0.73585 1.080173 0.74085 1.075173 1 P 0
L 0.74085 1.075173 0.76585 1.075173 1 P 0
L 0.74085 1.075173 0.73585 1.070173 1 P 0
L 0.73585 1.070173 0.73585 1.060173 1 P 0
L 0.72085 1.085173 0.71585 1.090173 1 P 0
L 0.71585 1.090173 0.70085 1.090173 1 P 0
L 0.70085 1.090173 0.69585 1.085173 1 P 0
L 0.69585 1.085173 0.69585 1.080173 1 P 0
L 0.69585 1.080173 0.70085 1.075173 1 P 0
L 0.70085 1.075173 0.71585 1.075173 1 P 0
L 0.71585 1.075173 0.72085 1.070173 1 P 0
L 0.72085 1.070173 0.72085 1.060173 1 P 0
L 0.72085 1.060173 0.69585 1.060173 1 P 0
L 0.67585 1.080173 0.66585 1.090173 1 P 0
L 0.66585 1.090173 0.66585 1.060173 1 P 0
L 0.956693 1 0.925197 1 0 P 0
L 1.001756 1.157 0.971756 1.157 1 P 0
L 0.971756 1.157 0.971756 1.132 1 P 0
L 0.971756 1.132 0.976756 1.127 1 P 0
L 0.976756 1.127 0.981756 1.127 1 P 0
L 0.981756 1.127 0.986756 1.132 1 P 0
L 0.986756 1.132 0.986756 1.157 1 P 0
L 0.986756 1.132 0.991756 1.127 1 P 0
L 0.991756 1.127 1.001756 1.127 1 P 0
L 0.976756 1.112 0.971756 1.107 1 P 0
L 0.971756 1.107 0.971756 1.092 1 P 0
L 0.971756 1.092 0.976756 1.087 1 P 0
L 0.976756 1.087 0.981756 1.087 1 P 0
L 0.981756 1.087 0.986756 1.092 1 P 0
L 0.986756 1.092 0.986756 1.107 1 P 0
L 0.986756 1.107 0.991756 1.112 1 P 0
L 0.991756 1.112 1.001756 1.112 1 P 0
L 1.001756 1.112 1.001756 1.087 1 P 0
L 0.976756 1.072 0.971756 1.067 1 P 0
L 0.971756 1.067 0.971756 1.052 1 P 0
L 0.971756 1.052 0.976756 1.047 1 P 0
L 0.976756 1.047 0.981756 1.047 1 P 0
L 0.981756 1.047 0.986756 1.052 1 P 0
L 0.986756 1.052 0.986756 1.067 1 P 0
L 0.986756 1.067 0.991756 1.072 1 P 0
L 0.991756 1.072 1.001756 1.072 1 P 0
L 1.001756 1.072 1.001756 1.047 1 P 0
L 0.968504 1.555118 1 1.555118 0 P 0
L 0.905567 1.629118 0.875567 1.629118 1 P 0
L 0.875567 1.629118 0.875567 1.604118 1 P 0
L 0.875567 1.604118 0.880567 1.599118 1 P 0
L 0.880567 1.599118 0.885567 1.599118 1 P 0
L 0.885567 1.599118 0.890567 1.604118 1 P 0
L 0.890567 1.604118 0.890567 1.629118 1 P 0
L 0.890567 1.604118 0.895567 1.599118 1 P 0
L 0.895567 1.599118 0.905567 1.599118 1 P 0
L 0.880567 1.584118 0.875567 1.579118 1 P 0
L 0.875567 1.579118 0.875567 1.564118 1 P 0
L 0.875567 1.564118 0.880567 1.559118 1 P 0
L 0.880567 1.559118 0.885567 1.559118 1 P 0
L 0.885567 1.559118 0.890567 1.564118 1 P 0
L 0.890567 1.564118 0.890567 1.579118 1 P 0
L 0.890567 1.579118 0.895567 1.584118 1 P 0
L 0.895567 1.584118 0.905567 1.584118 1 P 0
L 0.905567 1.584118 0.905567 1.559118 1 P 0
L 0.880567 1.544118 0.875567 1.539118 1 P 0
L 0.875567 1.539118 0.875567 1.524118 1 P 0
L 0.875567 1.524118 0.880567 1.519118 1 P 0
L 0.880567 1.519118 0.885567 1.519118 1 P 0
L 0.885567 1.519118 0.890567 1.524118 1 P 0
L 0.890567 1.524118 0.895567 1.519118 1 P 0
L 0.895567 1.519118 0.900567 1.519118 1 P 0
L 0.900567 1.519118 0.905567 1.524118 1 P 0
L 0.905567 1.524118 0.905567 1.539118 1 P 0
L 0.905567 1.539118 0.900567 1.544118 1 P 0
L 0.890567 1.534118 0.890567 1.524118 1 P 0
L 0.641732 0.96063 0.610236 0.96063 0 P 0
L 0.602236 1.101394 0.578236 1.101394 1 P 0
L 0.578236 1.101394 0.578236 1.082644 1 P 0
L 0.578236 1.082644 0.582236 1.078894 1 P 0
L 0.582236 1.078894 0.586236 1.078894 1 P 0
L 0.586236 1.078894 0.590236 1.082644 1 P 0
L 0.590236 1.082644 0.590236 1.101394 1 P 0
L 0.590236 1.082644 0.594236 1.078894 1 P 0
L 0.594236 1.078894 0.602236 1.078894 1 P 0
L 0.582236 1.067644 0.578236 1.063894 1 P 0
L 0.578236 1.063894 0.578236 1.052644 1 P 0
L 0.578236 1.052644 0.582236 1.048894 1 P 0
L 0.582236 1.048894 0.586236 1.048894 1 P 0
L 0.586236 1.048894 0.590236 1.052644 1 P 0
L 0.590236 1.052644 0.590236 1.063894 1 P 0
L 0.590236 1.063894 0.594236 1.067644 1 P 0
L 0.594236 1.067644 0.602236 1.067644 1 P 0
L 0.602236 1.067644 0.602236 1.048894 1 P 0
L 0.598236 1.041394 0.582236 1.041394 1 P 0
L 0.582236 1.041394 0.578236 1.037644 1 P 0
L 0.578236 1.037644 0.578236 1.022644 1 P 0
L 0.578236 1.022644 0.582236 1.018894 1 P 0
L 0.582236 1.018894 0.598236 1.018894 1 P 0
L 0.598236 1.018894 0.602236 1.022644 1 P 0
L 0.602236 1.022644 0.602236 1.037644 1 P 0
L 0.602236 1.037644 0.598236 1.041394 1 P 0
L 0.602236 1.041394 0.578236 1.018894 1 P 0
L 0.866946 0.606803 0.896946 0.606803 1 P 0
L 0.896946 0.606803 0.902946 0.600553 1 P 0
L 0.902946 0.600553 0.902946 0.575553 1 P 0
L 0.902946 0.575553 0.896946 0.569303 1 P 0
L 0.896946 0.569303 0.866946 0.569303 1 P 0
L 0.872946 0.550553 0.866946 0.544303 1 P 0
L 0.866946 0.544303 0.866946 0.525553 1 P 0
L 0.866946 0.525553 0.872946 0.519303 1 P 0
L 0.872946 0.519303 0.878946 0.519303 1 P 0
L 0.878946 0.519303 0.884946 0.525553 1 P 0
L 0.884946 0.525553 0.890946 0.519303 1 P 0
L 0.890946 0.519303 0.896946 0.519303 1 P 0
L 0.896946 0.519303 0.902946 0.525553 1 P 0
L 0.902946 0.525553 0.902946 0.544303 1 P 0
L 0.902946 0.544303 0.896946 0.550553 1 P 0
L 0.884946 0.538053 0.884946 0.525553 1 P 0
L 0.896946 0.506803 0.872946 0.506803 1 P 0
L 0.872946 0.506803 0.866946 0.500553 1 P 0
L 0.866946 0.500553 0.866946 0.475553 1 P 0
L 0.866946 0.475553 0.872946 0.469303 1 P 0
L 0.872946 0.469303 0.896946 0.469303 1 P 0
L 0.896946 0.469303 0.902946 0.475553 1 P 0
L 0.902946 0.475553 0.902946 0.500553 1 P 0
L 0.902946 0.500553 0.896946 0.506803 1 P 0
L 0.902946 0.506803 0.866946 0.469303 1 P 0
L 0.779528 0.037402 0.661417 0.037402 0 P 0
L 0.779528 0.246063 0.661417 0.246063 0 P 0
L 0.567559 0.066108 0.567559 0.096108 1 P 0
L 0.567559 0.096108 0.537559 0.096108 1 P 0
L 0.567559 0.081108 0.547559 0.081108 1 P 0
L 0.517559 0.086108 0.507559 0.096108 1 P 0
L 0.507559 0.096108 0.507559 0.066108 1 P 0
L 0.473646 0.191748 0.473646 0.05789 0 P 0
L 0.554354 0.191748 0.554354 0.05789 0 P 0
L 0.436913 0.13728 0.441913 0.14228 1 P 0
L 0.441913 0.14228 0.441913 0.15728 1 P 0
L 0.441913 0.15728 0.431913 0.16728 1 P 0
L 0.431913 0.16728 0.421913 0.16728 1 P 0
L 0.421913 0.16728 0.411913 0.15728 1 P 0
L 0.411913 0.15728 0.411913 0.14228 1 P 0
L 0.411913 0.14228 0.416913 0.13728 1 P 0
L 0.416913 0.12228 0.411913 0.11728 1 P 0
L 0.411913 0.11728 0.411913 0.10228 1 P 0
L 0.411913 0.10228 0.416913 0.09728 1 P 0
L 0.416913 0.09728 0.421913 0.09728 1 P 0
L 0.421913 0.09728 0.426913 0.10228 1 P 0
L 0.426913 0.10228 0.426913 0.11728 1 P 0
L 0.426913 0.11728 0.431913 0.12228 1 P 0
L 0.431913 0.12228 0.441913 0.12228 1 P 0
L 0.441913 0.12228 0.441913 0.09728 1 P 0
L 1.120079 0.759843 1.143701 0.759843 0 P 0
L 1.143701 0.759843 1.143701 0.637795 0 P 0
L 1.143701 0.637795 1.120079 0.637795 0 P 0
L 1.120079 0.637795 1.120079 0.759843 0 P 0
L 1.006362 0.745138 0.996362 0.730138 1 P 0
L 0.996362 0.730138 0.996362 0.715138 1 P 0
L 0.996362 0.715138 1.006362 0.700138 1 P 0
L 1.006362 0.700138 1.016362 0.700138 1 P 0
L 1.016362 0.700138 1.026362 0.715138 1 P 0
L 1.026362 0.715138 1.026362 0.730138 1 P 0
L 1.026362 0.730138 1.016362 0.745138 1 P 0
L 1.016362 0.745138 1.006362 0.745138 1 P 0
L 1.016362 0.715138 1.026362 0.700138 1 P 0
L 1.006362 0.670138 0.996362 0.655138 1 P 0
L 0.996362 0.655138 1.026362 0.655138 1 P 0
L 1.120079 0.61811 1.143701 0.61811 0 P 0
L 1.143701 0.61811 1.143701 0.496063 0 P 0
L 1.143701 0.496063 1.120079 0.496063 0 P 0
L 1.120079 0.496063 1.120079 0.61811 0 P 0
L 1.311654 0.608957 1.301654 0.618957 1 P 0
L 1.301654 0.618957 1.291654 0.618957 1 P 0
L 1.291654 0.618957 1.281654 0.608957 1 P 0
L 1.281654 0.608957 1.281654 0.598957 1 P 0
L 1.281654 0.598957 1.291654 0.588957 1 P 0
L 1.291654 0.588957 1.301654 0.588957 1 P 0
L 1.301654 0.588957 1.311654 0.598957 1 P 0
L 1.311654 0.598957 1.311654 0.608957 1 P 0
L 1.291654 0.598957 1.281654 0.588957 1 P 0
L 1.266654 0.613957 1.261654 0.618957 1 P 0
L 1.261654 0.618957 1.246654 0.618957 1 P 0
L 1.246654 0.618957 1.241654 0.613957 1 P 0
L 1.241654 0.613957 1.241654 0.608957 1 P 0
L 1.241654 0.608957 1.246654 0.603957 1 P 0
L 1.246654 0.603957 1.261654 0.603957 1 P 0
L 1.261654 0.603957 1.266654 0.598957 1 P 0
L 1.266654 0.598957 1.266654 0.588957 1 P 0
L 1.266654 0.588957 1.241654 0.588957 1 P 0
L 1.117301 0.464567 1.140923 0.464567 0 P 0
L 1.140923 0.464567 1.140923 0.34252 0 P 0
L 1.140923 0.34252 1.117301 0.34252 0 P 0
L 1.117301 0.34252 1.117301 0.464567 0 P 0
L 1.011907 0.399862 1.001907 0.389862 1 P 0
L 1.001907 0.389862 1.001907 0.379862 1 P 0
L 1.001907 0.379862 1.011907 0.369862 1 P 0
L 1.011907 0.369862 1.021907 0.369862 1 P 0
L 1.021907 0.369862 1.031907 0.379862 1 P 0
L 1.031907 0.379862 1.031907 0.389862 1 P 0
L 1.031907 0.389862 1.021907 0.399862 1 P 0
L 1.021907 0.399862 1.011907 0.399862 1 P 0
L 1.021907 0.379862 1.031907 0.369862 1 P 0
L 1.006907 0.354862 1.001907 0.349862 1 P 0
L 1.001907 0.349862 1.001907 0.334862 1 P 0
L 1.001907 0.334862 1.006907 0.329862 1 P 0
L 1.006907 0.329862 1.011907 0.329862 1 P 0
L 1.011907 0.329862 1.016907 0.334862 1 P 0
L 1.016907 0.334862 1.021907 0.329862 1 P 0
L 1.021907 0.329862 1.026907 0.329862 1 P 0
L 1.026907 0.329862 1.031907 0.334862 1 P 0
L 1.031907 0.334862 1.031907 0.349862 1 P 0
L 1.031907 0.349862 1.026907 0.354862 1 P 0
L 1.016907 0.344862 1.016907 0.334862 1 P 0
L 1.116142 0.330709 1.139764 0.330709 0 P 0
L 1.139764 0.330709 1.139764 0.208661 0 P 0
L 1.139764 0.208661 1.116142 0.208661 0 P 0
L 1.116142 0.208661 1.116142 0.330709 0 P 0
L 1.109173 0.175453 1.099173 0.165453 1 P 0
L 1.099173 0.165453 1.099173 0.155453 1 P 0
L 1.099173 0.155453 1.109173 0.145453 1 P 0
L 1.109173 0.145453 1.119173 0.145453 1 P 0
L 1.119173 0.145453 1.129173 0.155453 1 P 0
L 1.129173 0.155453 1.129173 0.165453 1 P 0
L 1.129173 0.165453 1.119173 0.175453 1 P 0
L 1.119173 0.175453 1.109173 0.175453 1 P 0
L 1.119173 0.155453 1.129173 0.145453 1 P 0
L 1.119173 0.105453 1.119173 0.135453 1 P 0
L 1.119173 0.135453 1.099173 0.115453 1 P 0
L 1.099173 0.115453 1.129173 0.115453 1 P 0
L 0.933561 1.743094 0.963561 1.773094 1 P 0
L 0.963561 1.743094 0.933561 1.773094 1 P 0
L 0.963561 1.783094 0.933561 1.783094 1 P 0
L 0.933561 1.783094 0.933561 1.808094 1 P 0
L 0.933561 1.808094 0.938561 1.813094 1 P 0
L 0.938561 1.813094 0.943561 1.813094 1 P 0
L 0.943561 1.813094 0.948561 1.808094 1 P 0
L 0.948561 1.808094 0.953561 1.813094 1 P 0
L 0.953561 1.813094 0.958561 1.813094 1 P 0
L 0.958561 1.813094 0.963561 1.808094 1 P 0
L 0.963561 1.808094 0.963561 1.783094 1 P 0
L 0.948561 1.783094 0.948561 1.808094 1 P 0
L 0.963561 1.863094 0.943561 1.863094 1 P 0
L 0.943561 1.863094 0.933561 1.873094 1 P 0
L 0.933561 1.873094 0.933561 1.883094 1 P 0
L 0.933561 1.883094 0.943561 1.893094 1 P 0
L 0.943561 1.893094 0.963561 1.893094 1 P 0
L 0.953561 1.863094 0.953561 1.893094 1 P 0
L 0.933561 1.903094 0.948561 1.903094 1 P 0
L 0.948561 1.903094 0.963561 1.918094 1 P 0
L 0.963561 1.918094 0.948561 1.933094 1 P 0
L 0.948561 1.933094 0.933561 1.933094 1 P 0
L 0.963561 1.943094 0.933561 1.943094 1 P 0
L 0.933561 1.943094 0.933561 1.968094 1 P 0
L 0.933561 1.968094 0.938561 1.973094 1 P 0
L 0.938561 1.973094 0.943561 1.973094 1 P 0
L 0.943561 1.973094 0.948561 1.968094 1 P 0
L 0.948561 1.968094 0.948561 1.943094 1 P 0
L 0.948561 1.968094 0.953561 1.973094 1 P 0
L 0.953561 1.973094 0.963561 1.973094 1 P 0
L 0.933561 2.003094 0.948561 1.988094 1 P 0
L 0.948561 1.988094 0.963561 2.003094 1 P 0
L 0.948561 2.028094 0.948561 2.053094 1 P 0
L 0.34415 1.761435 0.31415 1.761435 1 P 0
L 0.31415 1.761435 0.31415 1.791435 1 P 0
L 0.32915 1.761435 0.32915 1.781435 1 P 0
L 0.31415 1.801435 0.31415 1.831435 1 P 0
L 0.31415 1.816435 0.34415 1.816435 1 P 0
L 0.34415 1.881435 0.32415 1.881435 1 P 0
L 0.32415 1.881435 0.31415 1.891435 1 P 0
L 0.31415 1.891435 0.31415 1.901435 1 P 0
L 0.31415 1.901435 0.32415 1.911435 1 P 0
L 0.32415 1.911435 0.34415 1.911435 1 P 0
L 0.33415 1.881435 0.33415 1.911435 1 P 0
L 0.31415 1.921435 0.32915 1.921435 1 P 0
L 0.32915 1.921435 0.34415 1.936435 1 P 0
L 0.34415 1.936435 0.32915 1.951435 1 P 0
L 0.32915 1.951435 0.31415 1.951435 1 P 0
L 0.34415 1.961435 0.31415 1.961435 1 P 0
L 0.31415 1.961435 0.31415 1.986435 1 P 0
L 0.31415 1.986435 0.31915 1.991435 1 P 0
L 0.31915 1.991435 0.32415 1.991435 1 P 0
L 0.32415 1.991435 0.32915 1.986435 1 P 0
L 0.32915 1.986435 0.32915 1.961435 1 P 0
L 0.32915 1.986435 0.33415 1.991435 1 P 0
L 0.33415 1.991435 0.34415 1.991435 1 P 0
L 0.31415 2.021435 0.32915 2.006435 1 P 0
L 0.32915 2.006435 0.34415 2.021435 1 P 0
L 0.32915 2.046435 0.32915 2.071435 1 P 0
L 0.285843 1.766435 0.285843 1.791435 1 P 0
L 0.270843 1.811435 0.285843 1.826435 1 P 0
L 0.285843 1.826435 0.300843 1.811435 1 P 0
L 0.300843 1.841435 0.270843 1.841435 1 P 0
L 0.270843 1.841435 0.270843 1.871435 1 P 0
L 0.285843 1.841435 0.285843 1.861435 1 P 0
L 0.270843 1.881435 0.270843 1.911435 1 P 0
L 0.270843 1.896435 0.300843 1.896435 1 P 0
L 0.270843 1.961435 0.300843 1.991435 1 P 0
L 0.300843 1.961435 0.270843 1.991435 1 P 0
L 0.300843 2.001435 0.270843 2.001435 1 P 0
L 0.270843 2.001435 0.270843 2.026435 1 P 0
L 0.270843 2.026435 0.275843 2.031435 1 P 0
L 0.275843 2.031435 0.280843 2.031435 1 P 0
L 0.280843 2.031435 0.285843 2.026435 1 P 0
L 0.285843 2.026435 0.290843 2.031435 1 P 0
L 0.290843 2.031435 0.295843 2.031435 1 P 0
L 0.295843 2.031435 0.300843 2.026435 1 P 0
L 0.300843 2.026435 0.300843 2.001435 1 P 0
L 0.285843 2.001435 0.285843 2.026435 1 P 0
L 0.994504 1.754624 0.994504 1.779624 1 P 0
L 0.979504 1.799624 0.994504 1.814624 1 P 0
L 0.994504 1.814624 1.009504 1.799624 1 P 0
L 1.009504 1.829624 0.979504 1.829624 1 P 0
L 0.979504 1.829624 0.979504 1.859624 1 P 0
L 0.994504 1.829624 0.994504 1.849624 1 P 0
L 0.979504 1.869624 0.979504 1.899624 1 P 0
L 0.979504 1.884624 1.009504 1.884624 1 P 0
L 0.979504 1.949624 1.009504 1.979624 1 P 0
L 1.009504 1.949624 0.979504 1.979624 1 P 0
L 1.009504 1.989624 0.979504 1.989624 1 P 0
L 0.979504 1.989624 0.979504 2.014624 1 P 0
L 0.979504 2.014624 0.984504 2.019624 1 P 0
L 0.984504 2.019624 0.989504 2.019624 1 P 0
L 0.989504 2.019624 0.994504 2.014624 1 P 0
L 0.994504 2.014624 0.999504 2.019624 1 P 0
L 0.999504 2.019624 1.004504 2.019624 1 P 0
L 1.004504 2.019624 1.009504 2.014624 1 P 0
L 1.009504 2.014624 1.009504 1.989624 1 P 0
L 0.994504 1.989624 0.994504 2.014624 1 P 0
L 0.242 1.694 0.242 0.972 1 P 0
L 0.241 0.972 0.366 0.972 1 P 0
L 0.242 1.694 0.474 1.743 1 P 0
L 0.471 1.743 0.822 1.743 1 P 0
L 0.821 1.743 1.02 1.691 1 P 0
L 1.019 1.69 1.02 0.972 1 P 0
L 0.554 0.971 1.02 0.97 1 P 0
L 0.824465 1.676 0.794465 1.646 1 P 0
L 0.824465 1.646 0.794465 1.676 1 P 0
L 0.784465 1.646 0.784465 1.676 1 P 0
L 0.784465 1.676 0.759465 1.676 1 P 0
L 0.759465 1.676 0.754465 1.671 1 P 0
L 0.754465 1.671 0.754465 1.666 1 P 0
L 0.754465 1.666 0.759465 1.661 1 P 0
L 0.759465 1.661 0.754465 1.656 1 P 0
L 0.754465 1.656 0.754465 1.651 1 P 0
L 0.754465 1.651 0.759465 1.646 1 P 0
L 0.759465 1.646 0.784465 1.646 1 P 0
L 0.784465 1.661 0.759465 1.661 1 P 0
L 0.744465 1.656 0.714465 1.656 1 P 0
L 0.714465 1.656 0.714465 1.661 1 P 0
L 0.714465 1.661 0.719465 1.666 1 P 0
L 0.719465 1.666 0.739465 1.666 1 P 0
L 0.739465 1.666 0.744465 1.661 1 P 0
L 0.744465 1.661 0.744465 1.651 1 P 0
L 0.744465 1.651 0.739465 1.646 1 P 0
L 0.739465 1.646 0.719465 1.646 1 P 0
L 0.704465 1.656 0.674465 1.656 1 P 0
L 0.674465 1.656 0.674465 1.661 1 P 0
L 0.674465 1.661 0.679465 1.666 1 P 0
L 0.679465 1.666 0.699465 1.666 1 P 0
L 0.699465 1.666 0.704465 1.661 1 P 0
L 0.704465 1.661 0.704465 1.651 1 P 0
L 0.704465 1.651 0.699465 1.646 1 P 0
L 0.699465 1.646 0.679465 1.646 1 P 0
L 0.624465 1.646 0.624465 1.676 1 P 0
L 0.624465 1.676 0.599465 1.676 1 P 0
L 0.599465 1.676 0.594465 1.671 1 P 0
L 0.594465 1.671 0.594465 1.666 1 P 0
L 0.594465 1.666 0.599465 1.661 1 P 0
L 0.599465 1.661 0.624465 1.661 1 P 0
L 0.584465 1.646 0.584465 1.666 1 P 0
L 0.584465 1.661 0.579465 1.666 1 P 0
L 0.579465 1.666 0.559465 1.666 1 P 0
L 0.559465 1.666 0.554465 1.661 1 P 0
L 0.544465 1.661 0.539465 1.666 1 P 0
L 0.539465 1.666 0.519465 1.666 1 P 0
L 0.519465 1.666 0.514465 1.661 1 P 0
L 0.514465 1.661 0.514465 1.651 1 P 0
L 0.514465 1.651 0.519465 1.646 1 P 0
L 0.519465 1.646 0.539465 1.646 1 P 0
L 0.539465 1.646 0.544465 1.651 1 P 0
L 0.544465 1.651 0.544465 1.661 1 P 0
L 0.476378 0.629921 0.476378 0.433071 1 P 0
L 0.84252 0.629921 0.476378 0.629921 1 P 0
L 0.84252 0.433071 0.84252 0.629921 1 P 0
L 0.476378 0.433071 0.84252 0.433071 1 P 0
A 0.344835 0.218339 0.344835 0.218339 0.349756 0.218339 2 P 0 Y
A 0.572835 1.450787 0.572835 1.450787 0.584646 1.450787 3 P 0 Y
A 0.684055 1.51378 0.684055 1.51378 0.688976 1.51378 2 P 0 Y
A 0.818898 0.452756 0.818898 0.452756 0.822835 0.452756 1 P 0 Y
A 0.461835 0.217339 0.461835 0.217339 0.466756 0.217339 2 P 0 Y
A 1.07185 0.627953 1.07185 0.627953 1.076772 0.627953 2 P 0 Y
A 1.07185 0.48622 1.07185 0.48622 1.076772 0.48622 2 P 0 Y
A 1.069073 0.332677 1.069073 0.332677 1.073994 0.332677 2 P 0 Y
A 1.067913 0.198819 1.067913 0.198819 1.072835 0.198819 2 P 0 Y
